91.00
91.55
91.40
90.40
90.80
90.55
91.15
92.15
91.95
90.60
90.85
90.60
90.10
90.15
91.70
90.85
90.50
91.55
91.70
90.15
91.25
90.00
91.40
90.85
91.00
91.65
91.20
91.05
90.45
90.20
91.30
92.20
90.10
90.40
90.60
90.70
91.90
90.70
90.90
91.00
90.65
89.75
91.25
90.45
91.15
90.55
90.75
90.40
90.30
90.75
91.05
90.55
92.00
91.80
90.20
91.40
90.95
90.45
91.45
91.50
91.75
91.20
91.20
89.85
91.50
91.40
90.90
91.20
92.35
90.60
90.75
90.60
91.20
91.75
90.25
92.10
89.20
90.95
89.80
90.65
90.50
91.15
91.30
91.30
91.00
91.05
91.00
90.70
90.30
91.00
90.90
90.10
91.10
91.10
91.00
90.60
90.15
91.85
91.00
91.10
90.65
91.10
92.15
91.00
90.90
91.30
91.20
91.15
91.60
89.95
90.55
91.90
89.55
90.85
91.40
90.40
90.80
91.40
91.65
92.10
89.60
91.55
92.10
90.20
92.00
91.45
91.25
91.50
91.70
89.35
90.70
90.45
90.25
91.85
91.50
91.45
91.55
90.85
91.00
90.90
91.25
91.45
90.70
91.65
90.55
89.70
90.35
91.55
91.65
89.55
89.80
89.05
91.25
90.40
90.95
90.70
91.85
91.30
91.30
90.95
91.05
91.15
90.70
91.90
91.85
91.85
91.85
91.85
91.35
90.70
91.10
91.65
91.25
91.40
91.20
91.65
90.20
90.55
90.30
91.35
92.00
91.60
90.55
91.30
90.90
89.60
90.70
90.95
91.60
92.20
90.75
89.95
90.95
91.50
90.45
90.60
92.10
91.05
91.95
91.10
90.65
91.30
91.60
90.35
91.15
90.25
91.35
90.90
90.65
90.50
91.50
91.30
90.65
90.60
90.05
90.10
91.45
92.00
90.25
91.45
91.00
92.30
91.20
90.90
90.50
91.00
91.25
90.90
90.60
89.85
91.05
90.75
89.95
90.90
92.50
91.60
91.30
90.20
91.80
90.25
90.85
91.00
90.95
89.70
91.20
90.45
91.05
90.75
91.95
91.80
90.10
90.60
91.30
90.75
91.25
90.75
92.20
92.25
90.55
91.20
92.15
92.10
91.45
90.50
90.45
91.20
91.10
92.25
90.85
91.35
90.45
90.45
90.20
91.05
91.90
91.60
91.30
91.05
91.20
91.05
90.60
91.80
91.25
91.25
91.00
91.30
91.05
90.95
90.00
91.10
91.10
90.90
91.05
89.95
90.90
89.70
90.65
90.20
91.10
90.45
90.30
91.80
90.60
91.15
90.75
91.40
90.55
91.90
89.65
91.45
90.45
90.80
91.40
91.05
91.75
90.80
90.65
91.25
90.60
90.75
92.10
91.35
89.00
91.55
91.35
92.20
91.75
89.60
91.15
90.25
91.05
92.60
90.65
91.45
90.90
91.40
91.15
91.20
91.00
90.50
91.05
92.05
91.40
91.45
90.50
90.45
91.40
91.50
91.65
89.80
90.45
91.15
92.95
90.90
90.00
90.25
91.30
91.70
90.60
91.35
91.75
90.05
90.85
90.70
90.90
91.85
90.40
91.05
90.55
90.20
90.15
90.85
90.70
90.75
92.05
91.30
91.10
89.50
91.05
90.95
91.70
90.90
90.50
90.10
90.55
91.45
90.70
90.40
91.55
91.40
89.95
90.75
91.75
91.45
91.55
90.65
90.15
91.00
91.30
90.35
90.90
92.00
91.65
90.85
89.80
91.10
91.40
91.45
91.05
90.90
90.50
91.00
90.70
91.90
90.05
91.80
90.70
90.35
91.90
90.65
90.85
90.50
90.70
90.55
90.45
90.70
91.20
90.50
91.65
90.90
90.80
89.95
90.65
90.95
91.55
91.80
91.25
91.10
91.70
92.30
91.20
91.85
89.50
89.75
90.55
90.95
90.80
91.05
91.40
90.65
90.65
90.20
91.00
91.75
90.55
90.90
90.40
90.15
90.25
91.15
91.25
91.15
91.60
90.35
91.45
91.30
90.65
90.50
90.40
89.60
91.15
90.25
90.95
91.60
91.90
90.40
90.70
90.75
90.75
90.70
90.95
91.05
90.10
91.15
90.85
90.95
91.80
91.85
90.75
91.30
92.05
92.05
90.35
91.95
91.15
90.65
90.00
90.80
90.35
90.65
91.90
90.50
91.80
91.85
91.25
92.80
89.55
90.70
91.10
91.95
91.15
91.60
91.40
90.30
91.40
91.45
91.45
92.10
90.90
91.95
91.15
91.00
91.70
89.55
91.10
90.80
91.20
90.20
91.25
91.30
90.70
90.80
90.60
90.55
91.60
91.55
90.15
91.05
90.85
90.55
90.05
90.95
90.95
91.05
89.85
90.45
91.00
91.30
91.35
91.50
90.20
90.65
90.95
91.85
90.85
91.55
91.60
90.75
91.75
90.45
92.10
90.80
91.30
92.15
90.60
90.95
90.85
90.65
91.50
91.05
91.60
91.65
90.45
91.55
90.50
90.60
90.80
90.55
91.95
90.65
90.40
90.05
91.70
90.75
90.40
89.70
91.75
91.15
90.50
91.50
91.45
90.90
91.65
91.35
90.85
89.95
91.20
91.10
90.30
91.40
91.60
90.55
91.75
91.75
90.55
90.85
90.85
90.20
91.55
92.05
91.25
90.85
90.50
90.80
92.10
90.25
90.80
90.95
90.45
90.50
90.40
90.60
89.80
90.40
89.65
89.80
91.70
91.80
92.20
91.10
91.20
90.80
91.25
91.95
90.75
89.90
90.90
91.10
92.00
90.75
91.00
90.05
90.75
91.15
91.30
90.75
91.35
90.35
91.25
90.15
91.80
91.00
90.30
91.75
90.40
90.70
91.75
90.80
90.60
89.40
90.70
91.20
91.70
90.85
91.55
90.60
90.45
89.20
91.45
90.95
92.75
92.15
91.40
91.50
91.00
90.10
90.30
90.85
91.15
90.95
91.90
91.60
89.70
90.75
92.05
91.25
91.20
89.70
91.25
91.00
90.45
91.10
91.40
90.35
90.80
89.60
90.65
92.05
89.95
91.30
91.55
90.65
90.90
91.70
91.35
91.30
89.95
90.85
91.45
90.85
90.55
91.80
91.35
90.35
91.30
91.90
91.80
90.90
90.60
90.85
92.00
90.25
91.20
91.30
90.95
90.65
91.05
91.55
91.45
91.05
90.65
91.40
91.00
90.90
91.10
90.90
90.80
90.80
90.15
90.75
91.65
90.85
91.05
90.85
92.45
89.95
90.70
92.25
90.75
90.40
90.95
91.35
91.20
91.05
91.00
90.25
90.55
91.80
91.55
90.60
91.05
90.80
91.20
91.90
91.75
90.00
89.80
91.50
91.40
90.85
90.45
91.50
90.60
91.40
91.80
90.35
91.30
90.35
89.70
90.30
91.75
91.65
91.70
91.50
89.55
90.85
90.60
91.40
91.65
90.90
90.70
91.45
91.80
91.15
90.00
90.70
91.25
91.25
91.15
91.75
91.10
91.35
90.45
91.50
91.35
91.95
90.75
91.20
90.70
91.20
91.70
91.40
91.35
89.95
90.85
90.25
91.20
91.60
91.25
91.55
89.60
91.50
90.45
90.50
90.30
89.40
91.40
90.75
91.10
91.25
90.55
91.05
91.95
91.90
90.05
91.00
91.10
92.05
91.05
91.50
91.20
92.35
91.05
90.70
90.55
90.90
92.10
90.20
91.20
92.30
91.70
92.30
90.00
90.90
90.00
90.45
91.00
90.45
91.85
90.15
91.10
91.70
91.80
91.45
89.60
91.30
91.60
90.40
91.35
90.70
91.80
91.25
90.30
92.45
91.95
90.65
90.25
91.80
90.70
90.95
90.50
89.95
91.15
90.85
92.10
90.85
91.05
90.85
90.95
91.20
90.75
90.60
90.90
91.00
90.70
91.20
90.40
90.15
90.80
91.00
91.15
91.40
89.95
90.95
91.15
90.60
90.95
91.80
91.40
91.35
91.25
92.05
90.55
91.00
91.10
91.15
91.35
91.40
90.25
90.65
90.75
90.90
90.15
91.40
91.30
90.65
91.40
92.25
89.90
92.15
90.70
92.40
90.65
90.40
92.70
90.25
91.95
90.70
91.35
91.30
90.60
90.35
90.80
90.55
91.20
91.30
91.65
91.05
91.60
92.35
90.80
91.55
89.65
90.25
91.15
90.70
91.45
90.40
91.45
90.65
90.55
90.95
91.30
90.45
90.80
90.50
89.95
91.45
91.10
90.75
91.10
90.00
91.30
91.50
90.00
90.40
91.30
91.30
91.45
91.20
91.35
91.25
91.45
90.50
90.80
91.40
90.80
90.95
91.20
91.10
91.45
90.15
91.80
92.00
90.95
90.95
91.80
92.10
91.80
92.15
