9.15
14.25
17.10
19.60
21.55
23.10
24.20
25.75
26.80
27.75
28.10
28.80
29.20
30.15
30.80
31.00
31.30
31.70
32.00
32.35
32.40
32.90
32.95
33.10
33.35
33.50
33.45
33.55
33.70
33.85
33.85
33.90
33.90
33.95
33.95
34.05
34.05
34.25
34.25
34.25
34.25
34.25
34.25
34.30
34.35
34.35
34.40
34.30
34.35
34.40
34.40
34.50
34.50
34.50
34.55
34.50
34.50
34.50
34.50
34.55
34.55
34.55
34.55
34.60
34.65
34.70
34.80
34.80
34.85
34.85
34.85
34.85
34.90
34.85
34.85
34.85
34.85
34.85
34.90
34.90
34.90
34.95
35.00
35.00
35.00
35.00
35.00
35.05
35.05
35.05
35.05
35.05
35.05
35.05
35.05
35.05
35.05
35.10
35.10
35.05
35.10
35.05
35.05
35.05
35.05
35.05
35.05
35.05
35.05
35.05
35.05
35.05
35.05
35.10
35.15
35.15
35.15
35.15
35.15
35.15
35.15
35.15
35.15
35.15
35.15
35.15
35.15
35.15
35.15
35.15
35.15
35.15
35.15
35.15
35.20
35.20
35.20
35.20
35.20
35.20
35.25
35.30
35.30
35.30
35.30
35.30
35.30
35.30
35.30
35.30
35.30
35.30
35.30
35.30
35.30
35.30
35.30
35.30
35.30
35.30
35.30
35.30
35.30
35.30
35.30
35.30
35.30
35.30
35.30
35.30
35.30
35.30
35.30
35.30
35.30
35.30
35.30
35.30
35.30
35.30
35.30
35.30
35.30
35.30
35.30
35.30
35.30
35.30
35.30
35.30
35.30
35.30
35.30
35.30
35.30
35.30
35.30
35.30
35.30
35.30
35.30
35.30
35.30
35.30
35.30
35.30
35.30
35.30
35.30
35.30
35.30
35.30
35.30
35.30
35.30
35.30
35.30
35.30
35.30
35.30
35.30
35.30
35.30
35.30
35.30
35.30
35.30
35.30
35.30
35.30
35.30
35.30
35.30
35.30
35.30
35.30
35.30
35.30
35.30
35.30
35.30
35.30
35.30
35.30
35.30
35.30
35.30
35.30
35.30
35.30
35.30
35.30
35.30
35.30
35.30
35.30
35.30
35.30
35.30
35.30
35.30
35.30
35.30
35.30
35.30
35.30
35.30
35.30
35.30
35.30
35.30
35.30
35.30
35.30
35.30
35.30
35.30
35.30
35.30
35.30
35.30
35.30
35.30
35.30
35.30
35.30
35.30
35.30
35.30
35.30
35.30
35.30
35.30
35.30
35.30
35.30
35.30
35.30
35.30
35.30
35.30
35.30
35.30
35.30
35.30
35.30
35.30
35.30
35.30
35.30
35.30
35.30
35.30
35.30
35.30
35.30
35.30
35.30
35.30
35.30
35.30
35.30
35.30
35.30
35.30
35.30
35.30
35.30
35.30
35.30
35.30
35.30
35.30
35.30
35.30
35.30
35.30
35.30
35.30
35.30
35.30
35.30
35.30
35.30
35.30
35.30
35.30
35.30
35.30
35.30
35.30
35.30
35.30
35.30
35.30
35.30
35.30
35.30
35.30
35.30
35.30
35.30
35.30
35.30
35.30
35.30
35.30
35.30
35.30
35.30
35.35
35.35
35.35
35.35
35.35
35.35
35.35
35.35
35.35
35.35
35.35
35.35
35.35
35.35
35.35
35.35
35.35
35.35
35.35
35.35
35.35
35.35
35.35
35.35
35.35
35.35
35.35
35.35
35.35
35.35
35.35
35.35
35.35
35.35
35.35
35.35
35.35
35.35
35.35
35.35
35.35
35.35
35.35
35.35
35.35
35.35
35.35
35.35
35.35
35.35
35.35
35.35
35.35
35.35
35.35
35.35
35.35
35.35
35.35
35.35
35.35
35.35
35.35
35.35
35.35
35.35
35.35
35.35
35.35
35.35
35.35
35.35
35.35
35.35
35.35
35.35
35.35
35.35
35.35
35.35
35.35
35.35
35.35
35.35
35.35
35.35
35.35
35.35
35.35
35.35
35.35
35.35
35.35
35.35
35.35
35.35
35.35
35.35
35.35
35.35
35.35
35.35
35.35
35.35
35.35
35.35
35.35
35.35
35.35
35.35
35.35
35.35
35.35
35.35
35.35
35.35
35.35
35.35
35.35
35.35
35.35
35.35
35.35
35.35
35.35
35.35
35.35
35.35
35.35
35.35
35.35
35.35
35.35
35.35
35.35
35.35
35.35
35.35
35.35
35.35
35.35
35.35
35.35
35.35
35.35
35.35
35.35
35.35
35.35
35.35
35.35
35.35
35.35
35.35
35.35
35.35
35.35
35.35
35.35
35.35
35.35
35.35
35.35
35.40
35.40
35.35
35.35
35.35
35.35
35.35
35.40
35.40
35.40
35.40
35.40
35.40
35.40
35.40
35.40
35.40
35.40
35.40
35.40
35.40
35.40
35.40
35.40
35.40
35.40
35.40
35.40
35.40
35.40
35.40
35.40
35.40
35.40
35.40
35.40
35.40
35.40
35.40
35.40
35.40
35.40
35.40
35.40
35.40
35.40
35.40
35.40
35.40
35.40
35.40
35.40
35.40
35.40
35.40
35.40
35.40
35.40
35.40
35.40
35.40
35.40
35.40
35.40
35.40
35.40
35.40
35.40
35.40
35.40
35.40
35.40
35.40
35.40
35.40
35.40
35.40
35.40
35.40
35.40
35.40
35.40
35.40
35.40
35.40
35.40
35.40
35.40
35.40
35.40
35.40
35.40
35.40
35.40
35.40
35.40
35.40
35.40
35.40
35.40
35.40
35.40
35.40
35.40
35.40
35.40
35.40
35.40
35.40
35.40
35.40
35.40
35.40
35.40
35.40
35.40
35.40
35.40
35.40
35.40
35.40
35.40
35.40
35.40
35.40
35.40
35.40
35.40
35.40
35.40
35.40
35.40
35.40
35.40
35.40
35.40
35.40
35.40
35.40
35.40
35.40
35.40
35.40
35.40
35.40
35.40
35.40
35.40
35.40
35.40
35.40
35.40
35.40
35.40
35.40
35.40
35.40
35.40
35.40
35.40
35.40
35.40
35.40
35.40
35.40
35.40
35.40
35.40
35.40
35.40
35.40
35.40
35.40
35.40
35.40
35.40
35.40
35.40
35.40
35.40
35.40
35.40
35.40
35.40
35.40
35.40
35.40
35.40
35.40
35.40
35.40
35.40
35.40
35.40
35.40
35.40
35.40
35.40
35.40
35.40
35.40
35.40
35.40
35.40
35.40
35.40
35.40
35.40
35.40
35.40
35.40
35.40
35.40
35.40
35.40
35.40
35.40
35.40
35.40
35.40
35.40
35.40
35.40
35.40
35.40
35.40
35.40
35.40
35.40
35.40
35.40
35.40
35.40
35.40
35.40
35.40
35.40
35.40
35.40
35.40
35.40
35.40
35.40
35.40
35.40
35.40
35.40
35.40
35.40
35.40
35.40
35.40
35.40
35.40
35.40
35.40
35.40
35.40
35.40
35.40
35.40
35.40
35.40
35.40
35.40
35.40
35.40
35.40
35.40
35.40
35.40
35.40
35.40
35.40
35.40
35.40
35.40
35.40
35.40
35.40
35.40
35.40
35.40
35.40
35.40
35.40
35.40
35.40
35.40
35.40
35.40
35.40
35.40
35.40
35.40
35.40
35.40
35.40
35.40
35.40
35.40
35.40
35.40
35.40
35.40
35.40
35.40
35.40
35.40
35.40
35.40
35.40
35.40
35.40
35.40
35.40
35.40
35.40
35.40
35.40
35.40
35.40
35.40
35.40
35.40
35.40
35.40
35.40
35.40
35.40
35.40
35.40
35.40
35.40
35.40
35.40
35.40
35.40
35.40
35.40
35.40
35.40
35.40
35.40
35.40
35.40
35.40
35.40
35.40
35.40
35.40
35.40
35.40
35.40
35.40
35.40
35.40
35.40
35.40
35.40
35.40
35.40
35.40
35.40
35.40
35.40
35.40
35.40
35.40
35.40
35.40
35.40
35.40
35.40
35.40
35.40
35.40
35.40
35.40
35.40
35.40
35.40
35.40
35.40
35.40
35.40
35.40
35.40
35.40
35.40
35.40
35.40
35.40
35.40
35.40
35.40
35.40
35.40
35.40
35.40
35.40
35.40
35.40
35.40
35.40
35.40
35.40
35.40
35.40
35.40
35.40
35.40
35.40
35.40
35.40
35.40
35.40
35.40
35.40
35.40
35.40
35.40
35.40
35.40
35.40
35.40
35.40
35.40
35.40
35.40
35.40
35.40
35.40
35.40
35.40
35.40
35.40
35.40
35.40
35.40
35.40
35.40
35.40
35.40
35.40
35.40
35.40
35.40
35.40
35.40
35.40
35.40
35.40
35.40
35.40
35.40
35.40
35.40
35.40
35.40
35.40
35.40
35.40
35.40
35.40
35.40
35.40
