10.35
13.90
15.75
18.60
21.10
22.50
23.70
25.00
25.45
27.80
28.25
29.70
30.60
31.40
32.15
31.70
33.00
32.60
34.00
35.10
35.25
35.80
36.55
35.90
35.60
37.35
37.20
37.20
37.60
38.35
38.50
39.15
38.40
39.00
39.10
40.60
41.00
40.65
40.70
41.45
41.10
43.50
41.95
43.40
42.55
42.95
42.95
43.45
44.10
44.40
45.25
44.85
44.30
44.20
45.90
47.25
46.10
45.35
45.80
46.10
47.55
47.50
46.90
48.45
48.40
48.60
49.60
48.25
48.25
49.35
48.75
49.85
49.25
49.50
49.70
50.40
50.60
50.55
50.30
49.80
52.20
51.65
51.10
51.70
52.30
52.15
53.05
53.45
52.75
53.05
53.75
54.20
54.05
54.30
54.50
55.65
54.90
54.95
54.10
54.75
54.60
56.00
55.40
54.95
55.95
55.25
55.75
56.20
56.25
56.05
56.55
55.55
55.60
56.15
56.70
56.90
56.60
57.35
56.75
57.40
57.75
57.25
58.45
58.20
57.75
58.95
58.80
58.75
59.45
58.45
58.10
59.95
59.40
59.20
59.80
60.20
60.65
59.65
59.30
60.10
59.80
59.95
60.15
61.20
61.70
62.35
60.30
61.00
60.80
60.90
61.05
61.85
62.10
61.20
61.80
61.70
62.80
62.10
62.20
62.05
61.65
62.70
61.35
62.15
62.50
62.55
62.85
62.00
61.70
62.60
64.20
62.80
62.15
64.00
63.25
63.55
63.75
63.75
64.90
64.15
63.65
63.80
63.90
64.15
64.30
64.90
64.75
63.70
64.35
64.25
64.20
65.10
64.30
64.70
65.20
64.20
64.75
65.85
65.55
65.95
65.85
65.45
65.60
65.10
65.00
66.60
64.95
64.95
66.40
66.10
66.65
66.40
66.50
66.85
66.05
66.00
65.60
66.15
66.35
66.90
66.10
66.40
67.40
66.85
66.90
65.90
66.95
66.50
66.95
66.45
66.80
67.40
67.55
67.05
67.20
68.80
68.95
67.65
68.30
68.20
67.45
67.60
68.95
68.30
68.10
68.00
67.50
67.95
68.55
68.70
68.20
68.45
67.75
68.70
69.05
68.60
68.95
69.05
69.55
69.30
69.25
68.90
70.05
70.15
69.85
69.35
69.20
69.25
70.50
70.10
70.00
70.80
70.35
69.80
70.35
70.00
68.90
70.35
70.00
70.10
70.40
71.10
70.55
70.95
71.70
71.50
70.90
71.10
71.50
70.75
70.70
70.85
71.40
70.50
71.15
70.90
71.10
70.45
71.75
70.70
70.70
71.45
70.45
72.15
72.40
70.70
71.55
69.90
72.20
71.10
70.90
71.05
71.80
72.50
72.20
71.95
71.15
71.90
72.35
71.65
71.35
72.00
73.35
71.45
72.80
73.00
72.95
73.10
72.60
72.45
71.90
72.35
71.70
72.60
73.10
73.35
72.80
72.80
72.35
73.25
73.40
73.30
73.70
73.40
73.65
73.00
74.10
72.40
73.30
73.80
73.70
72.65
74.20
73.40
73.25
73.65
74.20
72.60
73.20
73.75
74.45
73.80
73.45
73.90
72.80
74.35
72.75
73.15
73.55
74.05
75.05
72.70
73.45
73.65
74.30
74.20
73.50
73.45
73.50
72.10
74.15
73.90
74.10
73.55
74.60
74.55
74.60
73.40
74.55
73.90
75.05
73.05
74.35
74.45
74.30
75.00
73.60
73.90
74.40
74.85
75.50
74.65
74.75
74.70
73.85
74.10
74.05
74.95
75.10
74.85
73.85
76.00
75.50
74.65
74.15
76.50
74.60
75.35
74.65
74.00
74.55
75.65
74.75
74.20
75.90
74.60
75.75
74.60
75.00
74.50
75.25
74.85
74.25
74.55
75.25
75.70
75.15
75.15
74.30
74.95
76.05
75.15
75.00
76.40
75.30
75.15
75.65
75.90
75.65
75.45
76.00
75.50
76.25
74.15
75.55
76.20
75.40
75.05
76.20
75.30
74.85
75.95
75.90
75.80
75.95
74.55
75.20
74.90
76.50
74.90
75.25
76.05
76.50
76.10
75.40
76.35
76.10
76.65
74.90
76.60
75.70
77.40
77.05
74.95
76.80
75.60
75.65
76.35
77.10
76.60
76.00
76.50
76.10
75.95
76.15
75.95
76.20
76.10
77.30
77.15
76.70
76.15
76.80
75.80
75.80
75.90
76.65
77.35
75.95
76.05
75.60
76.55
76.50
75.90
76.25
75.70
76.45
76.45
76.90
76.60
78.55
76.75
75.85
75.35
76.75
76.40
77.15
76.45
76.55
77.90
76.05
75.90
77.25
76.25
76.35
76.05
77.10
77.10
76.55
78.10
76.25
76.75
76.50
77.45
76.65
76.80
76.30
77.00
77.40
76.25
77.70
76.95
76.15
76.85
75.90
77.00
77.20
78.10
76.80
77.30
76.90
76.40
76.25
76.55
78.10
76.45
76.80
78.20
78.25
77.60
76.90
77.75
77.55
76.05
77.10
77.80
78.00
77.15
78.20
77.20
78.25
78.10
77.55
77.30
76.70
77.50
77.85
78.40
77.75
77.60
77.00
76.85
76.60
78.00
77.30
77.90
77.60
78.10
77.75
77.80
77.20
76.95
77.75
77.40
76.75
77.70
77.10
76.65
77.45
76.30
76.80
77.70
78.30
77.55
78.05
77.25
77.90
77.50
77.70
77.45
78.40
76.90
77.60
77.65
78.35
77.80
78.15
77.75
78.40
78.10
79.25
78.00
76.55
77.50
77.70
77.50
78.55
78.50
78.85
77.70
78.60
78.65
78.60
77.80
78.25
78.60
77.75
77.40
78.65
78.50
78.45
78.30
77.80
78.10
77.70
78.05
77.35
79.15
77.55
77.95
79.15
79.15
78.30
78.05
77.15
78.25
78.65
79.10
77.50
79.30
78.45
77.95
78.40
77.70
78.55
78.00
77.60
76.80
77.80
78.10
78.10
77.90
79.60
77.95
78.35
78.30
78.00
78.25
78.15
78.95
78.85
77.90
78.95
77.15
78.45
78.80
77.75
78.15
79.30
78.00
78.15
78.05
79.90
78.00
79.00
79.65
78.75
78.90
77.05
79.40
78.80
78.65
78.40
79.50
78.65
78.70
78.60
78.75
77.80
78.75
78.45
78.40
78.00
79.20
78.70
79.40
79.75
78.70
79.15
78.65
79.35
78.80
78.65
78.80
78.60
79.15
79.65
78.40
78.65
78.20
79.00
79.25
78.95
79.50
78.85
78.95
78.00
79.25
79.55
79.15
79.45
78.60
78.45
78.85
79.30
77.75
80.00
79.05
78.85
78.45
79.20
78.65
78.30
79.70
79.15
78.50
79.00
78.95
79.50
79.40
78.60
80.25
79.55
79.95
78.80
80.25
79.95
80.00
78.20
79.50
79.30
79.65
79.35
78.75
79.65
78.70
79.65
78.90
80.40
78.70
79.25
80.05
79.45
79.70
80.05
78.85
79.70
79.30
80.30
79.80
79.65
80.05
80.25
79.35
79.70
79.50
79.85
80.35
79.55
80.10
78.95
80.25
80.20
79.85
79.30
79.20
79.25
80.00
79.35
79.60
79.40
80.45
79.30
79.70
80.55
78.75
79.00
80.70
78.90
80.40
78.90
79.20
79.80
80.05
79.40
79.20
78.55
80.20
79.35
80.60
79.35
80.60
79.80
81.40
79.95
79.65
79.45
79.55
78.50
79.70
80.05
81.50
79.55
79.50
80.35
80.45
80.60
80.05
79.45
79.65
79.50
79.00
79.75
79.40
80.30
79.25
79.75
79.15
79.70
78.95
79.70
80.15
80.25
80.70
79.40
80.55
79.25
78.90
80.85
79.80
80.25
79.85
79.90
79.90
79.70
80.05
80.05
80.50
79.70
79.90
80.00
79.45
80.25
80.15
79.90
80.00
79.75
79.80
81.25
80.30
80.85
79.50
80.55
80.75
79.70
79.90
81.55
80.95
81.25
80.05
80.75
79.70
79.60
79.80
80.15
79.85
80.55
80.05
80.60
80.20
81.45
79.70
79.70
80.60
81.60
80.90
80.70
80.30
79.80
80.40
81.90
81.00
80.50
79.90
80.25
80.45
80.10
80.15
79.80
80.30
80.15
79.40
81.80
80.25
81.35
80.50
80.50
81.45
81.25
80.15
80.70
79.75
80.65
80.20
80.20
79.85
80.45
80.90
79.85
79.60
80.85
80.20
79.85
80.50
79.25
80.55
80.25
80.70
80.65
80.40
80.00
80.00
81.45
80.65
80.15
80.25
80.65
80.65
80.70
80.40
80.00
78.80
81.30
80.80
79.75
80.45
80.40
80.60
80.40
80.70
80.50
81.70
80.65
79.55
80.35
80.45
80.30
81.15
82.20
80.30
