10.80
15.25
18.25
19.95
21.35
22.80
24.55
25.35
26.45
27.55
28.80
28.75
29.80
29.95
30.70
30.90
31.65
32.30
32.15
32.40
32.75
32.85
32.85
32.85
33.25
33.40
33.30
33.70
33.75
33.65
33.90
33.55
33.90
34.10
34.40
34.50
34.40
34.45
34.50
34.90
35.15
35.35
35.25
35.25
35.45
35.45
35.75
35.90
35.90
36.05
36.40
36.55
36.30
36.25
36.35
36.55
36.25
36.50
36.45
36.35
36.80
36.70
36.85
36.95
36.85
36.95
37.00
36.75
37.00
36.65
37.00
37.15
37.00
37.20
37.45
37.50
37.50
37.50
37.55
37.80
37.55
37.85
37.55
37.70
37.70
37.70
37.75
37.75
37.70
37.60
37.95
38.05
38.05
38.05
38.20
38.30
38.35
38.50
38.40
38.35
38.50
38.40
38.45
38.60
38.45
38.70
38.75
38.60
38.75
38.90
38.60
38.85
38.55
38.75
38.70
38.75
38.85
38.60
38.75
38.80
38.95
38.70
38.75
38.65
38.85
38.75
39.15
39.05
38.95
39.20
39.45
39.45
39.30
39.55
39.40
39.70
39.70
39.55
39.75
39.60
39.75
39.75
39.75
39.95
39.75
39.80
39.70
40.10
40.15
39.95
40.05
40.20
40.45
40.25
40.15
40.45
40.40
40.50
40.60
40.45
40.65
40.75
40.45
40.55
40.60
40.80
40.95
40.75
40.85
40.60
40.80
40.85
40.95
41.10
41.10
41.05
41.05
40.95
40.95
41.20
41.40
41.35
41.50
41.25
41.45
41.55
41.65
41.45
41.80
41.95
41.45
41.35
41.30
41.50
41.75
41.50
41.80
41.90
42.10
42.10
42.20
42.20
42.10
41.80
42.00
42.00
42.05
42.05
42.35
42.45
42.40
42.40
42.70
42.30
42.20
42.60
42.75
42.85
42.65
42.45
42.55
42.75
42.75
42.65
42.65
42.40
42.45
42.80
42.45
42.45
42.70
42.55
42.60
42.70
42.55
42.60
42.70
42.60
42.65
42.70
42.65
42.75
42.65
42.45
42.80
42.70
42.65
42.55
42.75
42.80
43.00
42.95
43.05
43.25
43.25
43.15
43.40
43.35
43.20
43.20
42.85
43.40
43.35
43.25
43.20
43.00
43.35
43.45
43.35
43.45
43.70
43.30
43.25
44.05
43.80
43.85
43.80
43.90
43.75
43.90
43.95
43.90
44.25
44.00
44.10
43.80
44.25
44.15
44.10
43.90
44.25
44.10
44.15
44.15
44.00
43.95
44.20
44.05
44.20
44.25
43.80
44.10
44.50
44.60
44.40
44.60
44.65
44.50
44.25
44.15
44.35
44.80
44.95
44.85
44.80
44.60
44.95
44.95
44.70
44.75
44.80
44.85
44.50
45.05
44.80
44.90
45.00
45.00
44.85
45.10
44.95
45.00
44.80
45.25
45.20
45.00
45.25
45.20
45.35
45.20
45.35
45.45
45.05
45.20
45.45
45.35
45.65
45.55
45.55
45.55
45.70
45.70
45.55
45.80
45.60
45.70
45.65
45.80
45.70
45.85
45.70
45.90
45.80
45.95
46.00
46.25
46.00
46.15
45.75
46.20
46.05
46.00
46.25
46.10
46.05
46.30
45.95
46.20
46.30
46.35
46.30
46.25
46.35
46.05
46.50
46.30
46.20
46.40
46.50
46.55
46.40
46.90
46.85
47.05
46.95
46.95
47.35
47.20
47.05
47.25
47.45
47.40
47.45
47.50
47.35
47.60
47.30
47.35
47.45
47.70
47.60
47.60
47.45
47.40
47.70
47.60
47.50
47.70
47.95
47.65
47.90
47.65
48.10
47.70
47.65
47.65
47.90
48.35
48.10
47.95
48.25
48.00
48.10
48.00
48.20
48.05
48.55
48.25
48.45
48.50
48.25
48.20
48.15
48.35
48.10
48.45
48.65
48.20
48.65
48.65
48.75
48.55
48.40
48.40
48.60
48.55
48.35
48.80
49.00
48.90
48.60
48.70
48.95
49.00
48.75
48.70
49.10
48.80
49.05
49.30
49.15
49.30
49.20
49.25
49.00
49.20
49.20
49.10
49.25
49.35
49.20
49.25
49.60
49.45
49.45
49.50
49.50
49.60
49.65
49.75
49.90
49.70
49.80
49.60
49.90
50.00
49.65
49.90
50.00
49.75
50.10
50.10
50.25
49.80
50.00
50.25
50.20
50.35
50.55
50.40
50.35
50.30
50.55
50.60
50.65
50.50
50.20
50.60
50.45
50.70
50.85
50.60
50.50
50.65
50.35
50.05
50.45
50.60
50.55
50.40
50.55
50.45
50.40
50.40
50.80
50.65
50.90
50.65
50.75
50.75
50.75
50.50
50.55
50.80
50.55
50.75
50.85
50.75
50.85
50.65
50.70
50.80
50.85
50.75
50.80
50.85
50.90
50.85
50.90
50.95
50.95
51.05
50.85
50.75
51.10
50.55
50.90
50.75
51.05
51.40
51.35
51.35
51.35
51.35
51.35
51.10
51.20
51.30
51.20
51.25
51.30
51.15
51.10
51.55
51.45
51.70
51.45
51.25
51.30
51.60
51.55
51.50
51.70
51.25
51.50
51.35
51.45
51.30
51.15
51.35
51.15
51.45
51.60
51.40
51.75
51.65
51.35
51.70
51.85
51.75
51.50
51.60
51.80
51.85
51.70
51.80
51.70
51.85
51.35
51.80
51.85
51.85
52.00
51.70
51.75
51.90
51.85
51.70
52.10
52.05
51.90
52.15
51.90
52.00
51.95
52.05
51.85
52.05
52.15
52.20
51.55
52.25
51.95
52.30
51.95
51.85
52.10
52.20
52.25
52.10
52.35
52.25
52.15
51.95
52.15
52.10
52.00
52.30
52.35
52.35
52.30
52.05
52.45
52.35
52.45
52.35
52.70
52.60
52.50
52.45
52.55
52.50
52.40
52.65
52.35
52.35
52.30
52.50
52.85
52.75
52.80
52.60
52.70
52.80
52.80
52.85
52.70
52.95
53.00
53.00
52.75
52.85
52.80
53.00
53.20
52.90
53.15
53.05
53.25
53.20
53.00
53.05
53.10
53.05
53.20
53.20
53.40
52.60
53.40
53.40
53.35
53.30
53.35
53.40
53.10
53.25
53.25
53.55
53.60
53.90
53.45
53.55
53.35
53.75
53.65
54.05
53.90
53.80
53.90
53.95
53.85
53.85
53.85
53.80
53.80
54.15
54.05
53.95
53.80
53.95
53.35
54.00
53.85
54.25
54.05
54.00
53.80
53.85
53.85
54.05
54.15
54.15
54.35
54.20
54.05
54.25
54.15
54.35
54.40
54.45
54.50
54.65
54.55
54.70
54.80
54.65
54.85
54.60
54.35
54.50
54.85
54.70
54.65
54.45
54.55
54.85
54.65
54.50
54.75
54.80
54.55
54.45
54.70
55.20
54.70
54.90
54.90
54.70
54.85
54.90
55.25
54.95
55.05
54.85
54.70
55.05
54.80
54.95
55.10
55.20
55.00
55.10
54.90
55.15
55.05
55.10
55.15
55.10
55.15
55.25
55.15
55.50
55.10
55.05
55.25
55.25
55.40
55.60
55.25
55.30
55.45
55.40
55.40
55.05
55.25
55.45
55.35
55.30
55.40
55.50
55.65
55.50
55.30
55.15
55.50
55.15
55.50
55.25
55.45
55.55
55.45
55.75
55.75
55.60
55.75
55.45
55.70
56.15
55.85
55.95
55.45
56.00
55.90
56.10
55.90
56.00
56.00
56.30
56.00
56.25
56.45
56.60
56.45
56.70
56.70
56.60
56.30
56.40
56.45
56.30
56.75
56.65
56.65
56.20
56.50
56.70
56.65
56.85
56.60
56.60
56.65
56.55
56.55
56.55
56.35
56.75
56.60
56.75
56.90
56.80
56.60
56.70
56.75
57.05
56.90
56.70
57.10
56.65
57.05
57.00
56.55
57.10
56.70
57.15
57.05
57.20
57.15
57.30
57.00
57.35
57.25
57.05
57.30
57.70
57.40
57.45
57.35
57.40
57.65
57.15
57.10
57.50
57.40
57.60
57.50
57.70
57.75
57.95
58.05
57.65
58.00
58.05
58.10
58.10
58.20
57.85
58.30
58.00
58.45
58.15
58.05
58.40
57.95
58.35
58.45
58.30
58.30
58.20
58.40
58.10
58.60
58.50
58.50
58.50
58.65
58.55
58.50
58.40
58.65
58.85
59.00
58.70
58.35
58.80
58.65
58.85
58.55
58.80
58.80
58.80
58.85
59.00
59.05
59.15
59.00
59.00
58.70
58.85
59.15
58.80
58.90
59.00
59.25
59.00
59.00
59.00
58.80
58.95
59.25
58.90
59.10
59.30
59.00
59.05
59.00
59.00
59.40
59.20
59.35
59.15
