-0.00
0.25
0.40
0.55
0.57
0.61
0.68
0.73
0.69
0.80
0.81
0.83
0.86
0.84
0.84
0.89
0.96
0.94
0.88
0.96
0.90
0.93
0.94
0.92
0.91
1.02
0.98
0.95
0.99
0.97
1.02
1.01
1.00
0.99
0.97
1.03
1.02
1.00
0.98
1.05
0.99
1.07
1.06
1.09
1.03
1.09
1.08
1.09
1.10
1.12
1.09
1.11
1.05
1.04
1.11
1.06
1.10
1.11
1.10
1.08
1.14
1.06
1.12
1.12
1.12
1.16
1.14
1.13
1.16
1.13
1.14
1.10
1.18
1.13
1.17
1.13
1.14
1.13
1.14
1.15
1.17
1.09
1.15
1.20
1.10
1.19
1.16
1.17
1.23
1.17
1.18
1.19
1.16
1.20
1.19
1.18
1.15
1.19
1.20
1.18
1.19
1.17
1.23
1.19
1.20
1.23
1.18
1.18
1.21
1.19
1.21
1.18
1.14
1.24
1.22
1.20
1.16
1.22
1.20
1.21
1.20
1.18
1.25
1.22
1.19
1.25
1.22
1.21
1.25
1.21
1.23
1.21
1.23
1.22
1.28
1.23
1.25
1.21
1.27
1.23
1.24
1.26
1.20
1.22
1.25
1.27
1.21
1.27
1.24
1.24
1.23
1.28
1.26
1.24
1.24
1.26
1.27
1.22
1.23
1.27
1.27
1.26
1.24
1.27
1.25
1.23
1.24
1.23
1.26
1.27
1.27
1.25
1.27
1.30
1.24
1.27
1.29
1.28
1.28
1.30
1.28
1.28
1.27
1.30
1.26
1.29
1.31
1.27
1.25
1.32
1.26
1.25
1.25
1.27
1.26
1.26
1.25
1.30
1.28
1.27
1.29
1.29
1.29
1.32
1.27
1.28
1.29
1.26
1.31
1.28
1.28
1.34
1.30
1.31
1.27
1.28
1.25
1.31
1.28
1.29
1.31
1.30
1.29
1.30
1.30
1.33
1.30
1.32
1.22
1.30
1.30
1.28
1.36
1.28
1.29
1.37
1.30
1.31
1.30
1.30
1.30
1.31
1.27
1.27
1.31
1.29
1.27
1.30
1.31
1.30
1.31
1.33
1.29
1.31
1.33
1.32
1.29
1.30
1.28
1.32
1.33
1.29
1.38
1.25
1.30
1.30
1.27
1.33
1.34
1.30
1.32
1.37
1.32
1.33
1.35
1.32
1.29
1.30
1.31
1.34
1.28
1.33
1.34
1.34
1.30
1.31
1.32
1.34
1.35
1.34
1.31
1.32
1.27
1.31
1.32
1.34
1.37
1.30
1.33
1.31
1.37
1.31
1.33
1.30
1.36
1.32
1.31
1.29
1.36
1.31
1.28
1.32
1.35
1.33
1.34
1.33
1.32
1.34
1.33
1.31
1.31
1.34
1.34
1.32
1.32
1.32
1.37
1.33
1.30
1.32
1.26
1.33
1.31
1.35
1.33
1.29
1.36
1.32
1.32
1.34
1.33
1.36
1.34
1.34
1.31
1.32
1.39
1.32
1.31
1.39
1.35
1.34
1.38
1.38
1.32
1.36
1.32
1.32
1.40
1.28
1.35
1.35
1.34
1.31
1.35
1.35
1.34
1.35
1.34
1.31
1.35
1.34
1.32
1.29
1.37
1.38
1.35
1.32
1.33
1.29
1.35
1.32
1.35
1.36
1.40
1.36
1.36
1.31
1.37
1.33
1.35
1.35
1.34
1.30
1.36
1.39
1.33
1.32
1.34
1.37
1.35
1.33
1.37
1.35
1.28
1.33
1.34
1.35
1.34
1.40
1.34
1.36
1.36
1.34
1.34
1.40
1.32
1.37
1.36
1.34
1.32
1.40
1.35
1.35
1.39
1.35
1.38
1.38
1.34
1.32
1.36
1.33
1.34
1.35
1.36
1.36
1.37
1.38
1.36
1.35
1.37
1.34
1.35
1.40
1.37
1.39
1.38
1.36
1.35
1.36
1.38
1.33
1.37
1.35
1.37
1.40
1.33
1.32
1.36
1.32
1.33
1.35
1.38
1.39
1.41
1.32
1.32
1.35
1.39
1.33
1.35
1.34
1.35
1.38
1.35
1.36
1.35
1.38
1.36
1.36
1.34
1.34
1.38
1.35
1.39
1.36
1.34
1.37
1.38
1.39
1.33
1.36
1.37
1.31
1.35
1.38
1.37
1.33
1.39
1.36
1.39
1.35
1.33
1.36
1.34
1.34
1.36
1.39
1.37
1.40
1.32
1.35
1.37
1.35
1.37
1.39
1.34
1.38
1.35
1.37
1.44
1.35
1.31
1.33
1.37
1.35
1.37
1.35
1.39
1.43
1.33
1.37
1.33
1.37
1.36
1.35
1.36
1.36
1.36
1.39
1.34
1.40
1.33
1.35
1.38
1.34
1.32
1.32
1.33
1.36
1.35
1.38
1.31
1.35
1.33
1.33
1.40
1.38
1.35
1.32
1.40
1.33
1.35
1.33
1.41
1.37
1.32
1.42
1.35
1.35
1.36
1.37
1.33
1.32
1.32
1.36
1.37
1.33
1.37
1.38
1.35
1.33
1.36
1.33
1.34
1.36
1.39
1.35
1.39
1.36
1.35
1.36
1.34
1.39
1.38
1.42
1.30
1.34
1.39
1.35
1.36
1.34
1.34
1.32
1.32
1.35
1.33
1.34
1.38
1.29
1.35
1.36
1.41
1.37
1.37
1.39
1.35
1.32
1.39
1.32
1.34
1.37
1.34
1.34
1.38
1.32
1.37
1.34
1.40
1.39
1.35
1.34
1.35
1.40
1.31
1.38
1.39
1.36
1.38
1.33
1.36
1.41
1.35
1.35
1.40
1.35
1.40
1.39
1.39
1.39
1.35
1.38
1.34
1.36
1.36
1.35
1.31
1.35
1.36
1.39
1.39
1.36
1.34
1.30
1.36
1.32
1.39
1.37
1.34
1.40
1.36
1.36
1.32
1.36
1.40
1.36
1.36
1.33
1.38
1.33
1.37
1.35
1.39
1.37
1.35
1.39
1.35
1.37
1.35
1.39
1.37
1.40
1.40
1.31
1.35
1.39
1.33
1.38
1.39
1.36
1.41
1.31
1.42
1.39
1.41
1.41
1.38
1.35
1.33
1.39
1.36
1.36
1.38
1.39
1.35
1.32
1.36
1.34
1.29
1.37
1.33
1.34
1.37
1.39
1.36
1.36
1.41
1.33
1.43
1.39
1.40
1.36
1.37
1.38
1.33
1.37
1.37
1.39
1.37
1.35
1.33
1.39
1.37
1.36
1.37
1.34
1.33
1.41
1.41
1.33
1.36
1.38
1.34
1.39
1.39
1.39
1.38
1.39
1.33
1.34
1.38
1.39
1.34
1.41
1.38
1.34
1.35
1.41
1.35
1.34
1.37
1.38
1.34
1.39
1.38
1.37
1.42
1.40
1.32
1.39
1.37
1.38
1.38
1.35
1.40
1.39
1.37
1.36
1.35
1.36
1.36
1.43
1.37
1.37
1.34
1.34
1.35
1.35
1.36
1.40
1.39
1.35
1.38
1.41
1.38
1.36
1.35
1.32
1.37
1.35
1.34
1.39
1.39
1.35
1.32
1.30
1.37
1.38
1.36
1.40
1.34
1.37
1.36
1.39
1.35
1.34
1.37
1.41
1.37
1.37
1.39
1.34
1.40
1.42
1.36
1.35
1.35
1.39
1.38
1.36
1.35
1.38
1.38
1.39
1.35
1.39
1.36
1.43
1.28
1.39
1.42
1.38
1.39
1.35
1.37
1.37
1.37
1.37
1.35
1.39
1.36
1.34
1.40
1.35
1.40
1.32
1.38
1.37
1.36
1.32
1.38
1.39
1.38
1.39
1.39
1.43
1.41
1.37
1.35
1.36
1.34
1.37
1.39
1.34
1.36
1.37
1.37
1.32
1.36
1.34
1.34
1.35
1.39
1.36
1.35
1.37
1.40
1.35
1.41
1.37
1.39
1.36
1.40
1.40
1.37
1.39
1.37
1.38
1.39
1.37
1.39
1.36
1.35
1.38
1.36
1.38
1.36
1.37
1.35
1.38
1.44
1.33
1.40
1.40
1.44
1.40
1.38
1.35
1.33
1.33
1.46
1.40
1.35
1.37
1.32
1.37
1.34
1.40
1.34
1.37
1.35
1.33
1.40
1.36
1.37
1.36
1.37
1.40
1.38
1.40
1.35
1.38
1.40
1.35
1.34
1.36
1.39
1.38
1.32
1.34
1.36
1.40
1.37
1.36
1.30
1.41
1.37
1.40
1.35
1.39
1.36
1.40
1.38
1.35
1.36
1.31
1.41
1.35
1.36
1.41
1.37
1.33
1.37
1.40
1.34
1.36
1.40
1.39
1.33
1.38
1.38
1.39
1.37
1.33
1.37
1.39
1.38
1.35
1.40
1.36
