10.50
14.75
18.15
20.85
23.10
24.55
26.40
27.40
29.45
29.80
30.70
30.65
32.30
33.25
33.90
34.20
33.90
35.45
36.15
36.80
37.15
37.10
38.00
39.10
39.05
38.95
38.95
40.10
39.55
40.00
42.00
40.85
41.35
42.75
42.60
43.40
43.15
43.45
43.85
44.30
43.40
44.55
43.70
44.05
44.60
45.15
45.65
46.15
45.60
46.45
46.05
47.55
46.75
47.85
47.55
47.30
48.75
47.85
48.10
47.55
47.85
48.35
49.10
49.85
49.40
49.95
50.55
51.25
50.95
51.70
51.30
52.00
51.55
51.70
51.80
51.90
52.90
53.25
52.60
53.25
53.55
53.25
53.45
52.55
52.45
52.95
54.05
54.65
53.80
54.70
54.20
55.40
54.70
55.40
55.65
55.25
55.75
55.90
56.05
56.05
55.90
56.65
55.90
56.60
56.65
56.95
56.30
56.75
56.65
57.80
57.65
57.20
57.55
58.45
57.45
57.00
58.40
57.50
58.65
58.75
58.30
58.70
59.10
58.50
58.95
58.30
60.10
59.05
60.00
59.70
59.65
59.95
60.45
59.70
60.05
59.80
61.40
60.00
59.95
60.75
61.15
60.45
62.15
61.65
62.80
61.95
62.25
62.35
61.10
61.55
62.60
63.05
61.45
62.10
61.90
62.15
63.60
62.55
62.25
63.60
61.70
61.95
62.05
62.60
63.10
63.20
62.80
62.70
63.75
63.05
63.60
63.65
64.15
64.45
64.80
64.00
64.10
64.80
64.15
64.65
64.30
65.40
65.60
64.45
64.40
65.20
66.00
66.45
65.00
65.95
64.30
65.10
65.60
66.15
66.05
65.50
65.80
66.25
66.05
66.30
65.85
66.05
66.05
65.80
66.60
66.05
65.90
66.10
67.05
68.65
67.65
67.65
66.75
66.70
67.65
66.95
67.40
66.90
67.90
68.45
68.40
68.40
67.95
68.00
67.70
67.95
68.05
69.20
67.55
68.05
68.60
67.70
68.50
68.00
67.60
67.65
68.90
68.10
67.15
69.30
67.90
68.85
68.40
67.85
68.10
68.85
69.45
68.45
68.15
69.05
68.10
68.90
68.65
69.50
68.40
69.90
69.55
69.95
69.15
68.85
69.55
68.25
68.75
68.95
68.40
68.60
68.75
70.00
69.80
70.10
69.85
69.85
70.20
69.90
68.60
70.75
69.50
69.95
69.95
69.20
69.75
71.55
71.25
69.60
70.50
71.25
70.30
70.05
70.95
70.85
70.50
70.70
70.60
70.45
71.20
71.15
71.20
71.55
71.85
71.40
71.70
71.60
71.15
70.70
71.30
71.35
72.40
71.65
72.20
72.05
71.60
71.90
70.85
72.55
71.75
72.90
71.90
71.30
71.80
71.75
72.65
72.70
72.15
72.65
72.80
72.20
73.25
72.90
71.90
72.60
72.95
72.15
71.85
72.75
71.60
72.35
72.40
72.50
72.70
71.55
72.80
72.55
73.55
71.65
73.00
72.40
71.85
72.45
72.50
72.90
72.05
72.55
72.80
72.75
73.20
72.80
72.40
73.20
72.20
72.95
72.60
72.05
73.05
72.10
73.70
73.05
71.85
73.25
73.25
72.75
73.60
74.05
73.45
73.75
73.30
73.95
73.40
73.80
73.10
73.00
73.80
72.40
72.70
73.00
73.45
73.70
73.75
73.95
73.35
73.25
73.50
74.05
73.90
73.65
74.45
73.50
73.80
73.30
73.10
74.05
73.30
73.75
73.65
74.25
73.35
73.20
73.65
73.25
73.05
74.35
73.20
74.80
73.60
75.20
74.45
74.45
74.10
73.25
74.75
74.25
74.30
75.20
74.35
74.40
73.80
74.20
74.65
74.45
74.90
74.85
73.85
75.70
73.45
76.05
75.50
76.05
74.50
75.10
74.45
73.65
74.90
75.40
75.15
75.15
74.05
74.85
74.65
75.40
74.95
75.75
76.55
76.50
76.60
75.75
75.50
75.35
75.40
74.70
75.20
76.25
75.80
75.55
75.95
75.90
75.70
76.25
75.95
76.40
75.45
75.25
75.65
75.50
75.15
75.85
74.80
76.20
74.85
75.45
75.25
75.50
75.30
75.45
75.85
75.35
75.75
76.05
75.40
76.50
75.75
76.85
76.75
75.55
76.80
77.75
76.15
75.30
76.10
76.70
76.50
76.80
75.55
76.35
75.80
75.55
75.85
76.25
76.00
75.60
75.00
75.10
74.95
76.85
75.65
76.50
76.95
75.80
76.20
77.05
76.05
76.30
77.05
76.60
76.25
77.35
76.65
76.30
76.55
76.10
76.80
75.70
76.35
75.80
75.75
77.15
76.50
77.05
75.25
76.95
76.70
77.25
76.35
76.25
77.00
77.20
77.15
76.25
76.80
77.60
77.00
76.95
76.95
77.00
77.15
77.05
77.75
76.65
76.50
77.35
77.20
76.60
77.20
76.95
76.20
76.10
77.55
77.15
76.75
77.00
77.90
77.30
77.25
77.05
77.35
77.50
76.65
77.30
77.80
78.05
76.85
77.30
77.15
77.25
76.95
77.65
76.75
77.95
77.95
78.15
77.75
76.60
78.55
77.80
78.00
77.30
77.50
77.65
76.10
77.00
77.60
77.30
77.60
78.35
77.00
78.55
78.80
78.55
77.25
76.55
77.35
77.15
77.30
77.05
78.35
77.40
78.00
78.05
78.25
78.20
78.50
78.35
77.00
76.50
76.40
77.35
78.10
78.50
78.65
78.60
77.65
77.40
78.60
77.10
76.80
78.45
76.50
77.80
78.05
77.90
77.15
76.90
77.35
78.15
77.70
78.30
77.15
77.60
77.85
78.20
77.35
77.90
77.70
78.00
78.40
77.55
78.20
78.15
76.50
77.35
77.10
77.50
77.90
78.45
79.00
77.65
78.15
78.30
78.00
78.90
78.30
78.15
77.05
78.05
78.15
78.25
78.30
77.70
77.05
78.30
78.00
77.45
77.00
78.70
78.25
76.80
78.50
78.55
78.10
77.40
78.40
77.55
77.50
77.80
78.50
78.10
76.95
77.95
78.70
77.55
78.05
77.50
77.15
76.70
78.35
79.00
79.10
77.50
78.75
78.55
77.80
78.60
78.80
78.50
77.20
79.80
78.50
77.20
78.70
77.90
78.45
78.95
77.25
77.10
77.65
78.10
78.85
76.25
78.05
78.70
78.20
77.40
78.55
78.25
78.55
79.10
77.95
78.90
79.00
78.45
79.15
77.45
77.00
78.60
78.45
79.50
77.80
79.00
79.30
78.30
78.45
79.00
77.60
78.10
79.70
78.25
77.80
79.70
77.60
79.20
79.25
78.50
78.75
79.45
79.30
79.05
77.75
78.15
78.95
78.10
79.10
78.25
78.40
79.15
78.20
78.60
77.95
78.40
78.50
79.45
78.30
77.50
79.30
78.20
78.65
79.00
78.80
79.10
77.90
79.30
78.35
78.50
78.65
78.70
78.45
78.95
79.15
79.25
79.15
78.85
80.15
80.35
79.25
78.70
77.55
79.85
79.20
78.55
79.65
77.75
79.90
79.20
79.00
79.65
79.30
78.70
79.10
78.30
79.15
79.35
78.75
79.10
79.85
79.90
78.50
79.20
78.50
79.40
79.05
78.75
77.95
79.55
78.80
80.10
79.25
79.55
79.30
79.00
78.75
79.60
79.55
79.25
78.80
79.10
80.15
79.30
79.30
79.45
79.30
79.75
78.45
79.70
79.10
78.15
77.75
79.40
77.75
78.00
78.90
79.90
79.45
79.95
78.35
79.20
79.20
79.00
79.25
79.85
79.25
79.90
79.15
78.95
79.25
79.00
78.70
78.35
78.70
79.65
79.50
78.95
78.75
79.75
79.60
78.60
79.15
79.00
78.80
78.80
79.20
80.00
79.25
80.35
78.85
79.45
79.50
78.85
78.45
79.75
79.95
79.10
79.15
79.50
79.15
79.85
79.40
79.45
79.25
79.70
79.45
79.45
79.35
79.50
78.55
80.15
79.70
79.75
79.30
79.70
80.00
78.75
79.55
78.55
79.90
79.70
79.95
79.00
79.50
78.80
79.90
79.45
79.95
80.25
79.15
79.15
79.10
79.20
79.50
79.55
78.85
79.60
78.90
78.40
79.70
78.45
79.35
79.70
80.85
79.55
79.25
79.30
79.70
79.70
78.20
78.20
80.05
80.10
78.95
79.95
79.90
79.40
80.35
79.75
79.55
81.35
79.80
80.10
79.65
79.40
79.50
79.05
79.95
79.95
78.45
79.40
79.95
80.00
80.10
80.30
78.60
79.55
79.30
79.55
78.45
79.35
79.45
80.00
79.25
80.20
80.15
79.60
79.75
79.55
79.85
79.75
79.55
79.40
79.40
80.15
80.40
80.30
80.40
79.60
