9.40
13.65
16.85
19.95
21.40
22.90
24.85
25.75
27.05
27.75
28.50
29.20
29.90
30.25
30.65
30.90
31.20
31.55
31.70
32.00
31.95
32.20
32.40
32.45
32.55
32.45
32.60
32.60
32.75
32.90
32.85
32.75
32.90
33.00
33.00
33.05
33.05
33.15
33.15
33.30
33.30
33.35
33.35
33.35
33.45
33.45
33.45
33.50
33.50
33.50
33.55
33.55
33.55
33.55
33.55
33.60
33.60
33.60
33.60
33.60
33.60
33.65
33.65
33.65
33.65
33.65
33.65
33.65
33.70
33.70
33.70
33.70
33.75
33.75
33.80
33.85
33.85
33.80
33.80
33.80
33.85
33.85
33.85
33.85
33.85
33.85
33.85
33.85
33.90
33.90
33.85
33.80
33.85
33.85
33.85
33.85
33.85
33.85
33.85
33.90
33.85
33.85
33.90
33.90
33.90
33.90
33.90
33.90
33.90
33.90
33.90
33.90
33.90
33.90
33.85
33.85
33.85
33.85
33.85
33.85
33.90
33.90
33.90
33.90
33.90
33.90
33.90
33.90
33.90
33.90
33.90
33.90
33.90
33.90
33.90
33.90
33.90
33.90
33.90
33.90
33.90
33.90
33.90
33.90
33.90
33.90
33.90
33.90
33.90
33.90
33.90
33.90
33.90
33.90
33.90
33.90
33.90
33.90
33.90
33.90
33.90
33.90
33.90
33.90
33.90
33.90
33.90
33.90
33.90
33.90
33.90
33.90
33.90
33.90
33.90
33.90
33.90
33.90
33.90
33.90
33.90
33.90
33.90
33.90
33.90
33.90
33.90
33.90
33.90
33.90
33.90
33.90
33.90
33.90
33.95
33.90
33.90
33.90
33.90
33.90
33.90
33.90
33.90
33.90
33.90
33.90
33.90
33.90
33.90
33.90
33.90
33.90
33.90
33.90
33.90
33.90
33.90
33.90
33.90
33.90
33.90
33.90
33.90
33.90
33.90
33.90
33.90
33.90
33.90
33.90
33.90
33.90
33.90
33.90
33.90
33.90
33.90
33.90
33.90
33.90
33.90
33.90
33.90
33.90
33.90
33.90
33.90
33.90
33.95
33.95
33.95
33.95
33.95
33.95
33.95
33.95
33.95
33.95
33.95
33.95
33.95
33.95
33.95
33.95
33.95
33.95
33.95
33.95
33.90
33.90
33.90
33.95
33.95
33.95
33.95
33.95
33.95
33.95
33.95
33.95
33.95
33.95
33.95
33.95
33.95
33.95
33.95
33.95
33.95
33.95
33.95
33.95
33.95
33.95
33.95
33.95
33.95
33.95
33.95
33.95
33.95
33.95
33.95
33.95
33.95
33.95
33.95
33.95
33.95
33.95
33.95
33.95
33.95
33.95
33.95
33.95
33.95
33.95
33.95
33.95
33.95
33.95
33.95
33.95
33.95
33.95
33.95
33.95
33.95
33.95
33.95
33.95
33.95
33.95
33.95
33.95
33.95
33.95
33.95
33.95
33.95
33.95
33.95
33.95
33.95
34.00
34.00
34.00
34.00
34.00
34.00
34.00
34.00
34.00
34.00
34.00
34.00
34.00
34.00
34.00
34.00
34.00
34.00
34.00
34.00
34.00
34.00
34.00
34.00
34.00
34.00
34.00
34.00
34.00
34.00
34.00
34.00
34.00
34.00
34.00
34.00
34.00
34.00
34.00
34.00
34.00
34.00
34.00
34.00
34.00
34.05
34.05
34.05
34.05
34.05
34.05
34.05
34.05
34.05
34.05
34.05
34.05
34.05
34.05
34.05
34.05
34.05
34.05
34.05
34.05
34.05
34.05
34.05
34.05
34.05
34.05
34.10
34.10
34.10
34.10
34.10
34.10
34.10
34.10
34.10
34.10
34.10
34.10
34.10
34.10
34.10
34.10
34.10
34.10
34.10
34.10
34.10
34.10
34.10
34.10
34.10
34.10
34.10
34.10
34.10
34.10
34.10
34.10
34.10
34.10
34.10
34.10
34.10
34.15
34.15
34.15
34.15
34.15
34.15
34.15
34.15
34.15
34.15
34.15
34.15
34.15
34.15
34.15
34.15
34.15
34.15
34.15
34.15
34.15
34.15
34.15
34.15
34.15
34.15
34.15
34.15
34.15
34.15
34.15
34.15
34.15
34.15
34.15
34.15
34.15
34.15
34.15
34.15
34.15
34.15
34.15
34.15
34.15
34.15
34.15
34.15
34.15
34.15
34.15
34.15
34.15
34.15
34.15
34.15
34.15
34.15
34.15
34.15
34.15
34.15
34.15
34.15
34.15
34.15
34.15
34.15
34.15
34.15
34.15
34.15
34.15
34.15
34.15
34.15
34.15
34.15
34.15
34.15
34.15
34.15
34.15
34.15
34.15
34.15
34.15
34.15
34.15
34.15
34.15
34.15
34.15
34.15
34.15
34.15
34.15
34.15
34.15
34.15
34.15
34.15
34.15
34.15
34.15
34.15
34.15
34.15
34.15
34.15
34.15
34.15
34.15
34.15
34.15
34.15
34.15
34.15
34.15
34.15
34.15
34.15
34.15
34.15
34.15
34.15
34.15
34.15
34.15
34.15
34.15
34.15
34.15
34.15
34.15
34.15
34.15
34.15
34.15
34.15
34.15
34.15
34.15
34.15
34.15
34.15
34.15
34.15
34.15
34.15
34.15
34.15
34.15
34.15
34.15
34.15
34.15
34.15
34.15
34.15
34.15
34.15
34.15
34.15
34.15
34.15
34.15
34.15
34.15
34.15
34.15
34.15
34.15
34.15
34.15
34.15
34.15
34.15
34.15
34.15
34.15
34.15
34.15
34.15
34.15
34.15
34.15
34.15
34.15
34.15
34.15
34.15
34.15
34.15
34.15
34.15
34.15
34.15
34.15
34.15
34.15
34.15
34.15
34.15
34.15
34.15
34.15
34.15
34.15
34.15
34.15
34.15
34.15
34.15
34.15
34.15
34.15
34.15
34.15
34.15
34.15
34.15
34.15
34.15
34.15
34.15
34.15
34.15
34.15
34.15
34.15
34.15
34.15
34.15
34.15
34.15
34.15
34.15
34.15
34.15
34.15
34.15
34.15
34.15
34.15
34.15
34.15
34.15
34.15
34.15
34.15
34.15
34.15
34.15
34.15
34.15
34.15
34.15
34.15
34.15
34.15
34.15
34.15
34.15
34.15
34.15
34.15
34.15
34.15
34.15
34.15
34.15
34.15
34.15
34.15
34.15
34.15
34.15
34.15
34.15
34.15
34.15
34.15
34.15
34.15
34.15
34.15
34.15
34.15
34.15
34.15
34.15
34.15
34.15
34.15
34.15
34.15
34.15
34.15
34.15
34.15
34.15
34.15
34.15
34.15
34.15
34.15
34.15
34.15
34.15
34.15
34.15
34.15
34.15
34.15
34.15
34.15
34.15
34.15
34.15
34.15
34.15
34.15
34.15
34.15
34.15
34.15
34.15
34.15
34.15
34.15
34.15
34.15
34.15
34.15
34.15
34.15
34.15
34.15
34.15
34.15
34.15
34.15
34.15
34.15
34.15
34.15
34.15
34.15
34.15
34.15
34.15
34.15
34.15
34.15
34.15
34.15
34.15
34.15
34.15
34.15
34.15
34.15
34.15
34.15
34.15
34.15
34.15
34.15
34.15
34.15
34.15
34.15
34.15
34.15
34.15
34.15
34.15
34.15
34.15
34.15
34.15
34.15
34.15
34.15
34.15
34.15
34.15
34.15
34.15
34.15
34.15
34.15
34.15
34.15
34.15
34.15
34.15
34.15
34.15
34.15
34.15
34.15
34.15
34.15
34.15
34.15
34.15
34.15
34.15
34.15
34.15
34.15
34.15
34.15
34.15
34.15
34.15
34.15
34.15
34.15
34.15
34.15
34.15
34.15
34.15
34.15
34.15
34.15
34.15
34.15
34.15
34.15
34.15
34.15
34.15
34.15
34.15
34.15
34.15
34.15
34.15
34.15
34.15
34.15
34.15
34.15
34.15
34.15
34.15
34.15
34.15
34.15
34.15
34.15
34.15
34.15
34.15
34.15
34.15
34.15
34.15
34.15
34.15
34.15
34.15
34.15
34.15
34.15
34.15
34.15
34.15
34.15
34.15
34.15
34.15
34.15
34.15
34.15
34.15
34.15
34.15
34.15
34.15
34.15
34.15
34.15
34.15
34.15
34.15
34.15
34.15
34.15
34.15
34.15
34.15
34.15
34.15
34.15
34.15
34.15
34.15
34.15
34.15
34.15
34.15
34.15
34.15
34.15
34.15
34.15
34.15
34.15
34.15
34.15
34.15
34.15
34.15
34.15
34.15
34.15
34.15
34.15
34.15
34.15
34.15
34.15
34.15
34.15
34.15
34.15
34.15
34.15
34.15
34.15
34.15
34.15
34.15
34.15
34.15
34.15
34.15
34.15
34.15
34.15
34.15
34.15
