9.40
14.40
17.45
19.95
22.35
24.25
25.55
26.70
27.95
28.45
29.40
30.25
30.95
31.60
32.10
32.65
33.05
33.25
33.20
33.35
33.60
34.00
34.20
34.30
34.45
34.55
34.70
35.25
35.25
35.20
35.55
35.80
35.95
36.35
36.35
36.30
36.60
36.45
37.10
37.20
37.10
37.15
37.05
37.20
37.05
37.35
37.50
37.40
37.55
37.55
37.45
37.75
37.45
37.65
37.95
37.90
37.80
38.15
38.05
37.95
38.50
38.45
38.05
38.20
38.15
38.20
38.20
38.25
38.40
38.30
38.05
38.45
38.55
38.70
38.55
38.80
38.60
38.60
38.50
38.95
38.85
39.00
39.25
38.85
38.80
38.85
39.20
39.40
39.40
39.30
39.35
39.45
39.45
39.60
39.60
39.80
39.70
39.70
40.00
39.70
39.85
39.85
39.95
40.35
40.10
40.30
40.35
40.75
40.20
40.50
40.10
40.35
40.45
40.20
40.40
40.40
40.35
40.55
40.50
40.75
40.85
40.70
40.40
41.10
41.00
41.05
41.10
41.25
41.35
41.45
41.40
41.30
41.60
41.70
41.75
41.60
41.65
41.60
41.45
41.80
41.90
41.95
42.25
42.15
42.15
42.60
42.20
42.35
42.45
42.35
42.55
42.90
42.55
42.85
42.90
42.85
42.90
42.90
43.00
42.90
43.05
43.10
43.00
43.30
43.10
43.45
43.00
43.25
43.35
43.40
43.10
43.20
42.90
43.10
43.20
43.55
43.55
43.85
43.40
43.75
43.85
43.80
43.75
43.95
43.50
43.70
43.55
43.90
44.15
44.20
44.00
43.95
44.30
44.05
44.20
44.15
44.30
44.20
44.35
44.10
44.30
44.35
44.40
44.45
44.55
44.40
44.60
44.60
44.50
44.80
44.65
44.65
44.65
44.60
44.40
44.70
44.65
44.85
44.80
44.60
44.85
45.15
45.25
44.90
44.90
45.10
45.40
44.95
45.20
45.05
45.10
45.35
45.30
45.40
45.15
45.40
45.50
45.25
45.40
45.40
45.55
45.60
45.15
45.40
45.60
45.85
45.80
45.75
45.70
45.75
45.70
45.65
46.05
45.80
46.20
46.00
45.80
45.85
46.35
45.90
46.15
46.20
46.45
46.20
46.50
46.15
46.30
46.50
46.55
46.60
46.50
46.60
46.40
46.90
46.80
46.80
46.65
47.15
47.15
46.80
46.70
46.75
47.00
46.95
47.05
46.95
47.30
47.45
47.20
47.15
47.50
47.35
47.20
47.20
47.35
47.45
47.40
47.45
47.50
47.50
47.30
47.35
47.70
47.60
47.90
47.70
47.55
47.85
48.05
47.65
47.50
47.60
47.45
47.65
47.65
47.80
47.80
47.75
47.90
48.20
47.90
48.05
48.35
47.90
48.10
48.50
48.55
48.40
48.50
48.35
48.10
48.55
48.35
48.35
48.40
48.65
48.25
48.45
48.35
48.50
48.65
48.40
48.60
48.75
48.75
48.70
48.85
49.00
48.95
48.75
48.90
49.00
48.70
48.95
48.95
48.95
49.00
49.10
49.10
48.95
49.05
49.20
49.10
49.30
49.15
49.10
49.20
49.40
49.45
49.55
49.20
49.50
49.60
49.45
49.75
49.70
49.55
49.65
49.70
49.60
49.65
49.70
49.85
50.00
49.75
49.70
50.10
50.00
49.75
49.60
50.10
49.95
50.25
50.25
50.00
49.80
50.05
50.00
49.80
49.90
50.20
50.30
50.05
50.05
49.85
50.00
50.15
49.85
50.05
50.05
50.00
50.00
50.30
50.35
50.40
50.20
50.10
50.00
50.20
50.35
50.55
50.25
50.35
50.35
50.55
50.60
50.75
50.55
50.35
50.60
50.30
50.55
50.55
50.50
50.45
50.35
50.25
50.20
50.45
50.70
50.45
50.65
50.80
50.70
50.85
50.75
50.85
51.10
51.15
51.05
50.85
50.90
51.20
51.10
51.35
51.25
51.05
51.35
51.35
51.15
51.30
51.30
51.45
51.55
51.75
51.55
51.25
51.35
51.45
51.75
51.60
51.70
51.55
51.50
51.40
51.70
51.65
52.00
51.85
51.50
51.75
51.60
52.00
51.80
51.75
51.85
51.75
52.00
51.80
51.95
51.95
52.05
52.40
52.20
52.65
52.60
52.45
52.35
52.60
52.60
52.40
52.45
52.55
52.45
52.45
52.65
52.50
52.35
52.60
52.45
52.80
52.80
52.90
52.95
52.95
52.85
52.85
53.15
52.90
52.70
52.95
53.15
53.25
52.90
53.20
52.90
53.15
53.20
52.95
53.20
52.75
53.20
53.15
53.10
53.50
53.55
53.10
53.40
53.10
53.45
53.45
53.45
53.20
53.30
53.55
53.45
53.75
53.75
53.50
53.45
53.30
53.45
53.85
53.60
53.45
53.70
53.85
53.85
53.75
54.05
53.70
53.95
53.95
53.85
53.75
53.85
54.10
54.25
53.75
53.65
54.05
53.90
53.95
53.80
53.75
54.10
54.30
54.05
54.20
53.95
53.80
54.10
54.10
54.10
54.10
54.40
54.60
54.50
54.35
54.45
54.30
54.50
54.40
54.50
54.30
54.05
54.50
54.40
54.25
54.50
54.45
53.95
54.60
54.55
54.25
54.40
54.75
54.50
54.65
54.25
54.55
54.70
54.55
54.45
54.95
54.65
54.75
54.80
54.45
55.00
55.05
54.70
55.20
54.70
54.50
54.75
54.65
54.85
54.90
54.80
54.90
54.75
55.10
55.10
54.75
55.00
54.65
55.05
55.20
55.00
55.10
55.15
55.05
55.10
54.95
55.05
54.75
54.95
54.80
55.30
55.35
55.45
55.50
55.50
55.80
55.75
55.65
55.35
55.70
55.55
55.25
55.35
55.45
55.10
55.45
55.25
55.75
55.80
55.80
55.80
55.75
55.55
55.90
55.75
55.95
56.10
56.05
56.20
55.85
55.80
55.90
56.25
56.00
55.95
56.05
56.20
56.10
56.30
55.90
55.90
55.95
56.00
56.00
56.20
56.10
56.25
56.30
56.20
56.20
56.40
56.65
56.20
56.40
56.30
56.65
56.55
56.60
56.85
56.90
56.70
56.50
56.80
56.60
56.60
56.85
56.60
56.95
56.50
56.50
56.60
57.10
56.70
56.95
56.90
56.60
56.55
56.80
56.80
56.85
57.05
57.00
57.20
56.90
57.00
57.15
57.20
57.10
56.85
57.20
57.45
57.05
56.95
57.20
57.40
57.30
57.00
56.85
57.35
57.25
57.40
57.30
57.55
57.55
57.40
57.30
57.45
57.70
57.35
57.60
57.40
57.70
57.50
57.60
57.85
57.75
57.95
57.85
57.55
57.80
57.95
57.75
58.15
58.10
57.90
57.80
57.95
57.95
58.10
57.90
58.05
58.15
58.00
58.05
58.50
58.25
58.55
58.35
58.45
58.50
58.75
58.55
58.60
58.55
58.25
58.80
58.70
58.75
58.55
58.75
58.75
58.65
58.60
58.65
58.95
58.80
58.80
58.75
58.70
58.95
58.95
58.60
59.10
58.90
59.05
59.00
59.05
59.00
59.20
59.00
59.25
58.60
59.00
59.15
58.90
58.90
59.20
59.05
59.20
58.90
58.85
59.00
58.90
58.75
58.85
58.90
58.85
59.45
59.05
59.25
59.25
59.10
59.40
59.30
59.45
59.05
58.90
59.15
59.35
59.60
59.25
59.15
59.40
59.35
59.65
59.00
59.35
59.60
59.35
58.95
59.05
59.00
59.40
59.50
59.50
59.45
59.55
59.75
59.60
59.55
59.70
59.90
59.60
59.60
59.60
59.70
59.70
59.60
59.85
59.60
60.05
59.90
60.05
59.75
60.20
59.80
60.10
60.25
59.70
59.65
60.05
59.95
59.85
59.70
60.05
60.10
59.85
59.95
60.05
60.00
60.00
60.15
60.50
60.25
60.35
60.45
60.05
60.00
60.45
60.40
60.35
60.50
60.45
60.50
60.25
60.30
60.40
60.65
60.50
60.60
60.55
60.50
60.70
60.55
60.55
60.70
60.50
60.30
60.75
60.90
60.90
60.80
60.65
60.70
60.80
60.80
61.10
60.90
60.50
60.75
61.20
61.10
61.05
60.95
60.60
60.80
60.90
60.90
60.90
60.95
60.90
60.95
60.75
61.10
60.90
60.85
61.00
61.00
61.10
61.40
61.40
61.25
61.20
61.20
61.45
60.95
61.30
61.45
61.45
61.60
61.65
61.55
61.45
61.40
61.70
61.45
61.85
61.65
62.00
61.70
61.50
61.95
62.05
61.65
61.70
61.60
61.60
61.40
61.60
61.80
61.45
61.55
61.45
61.55
61.60
62.00
61.80
61.55
61.55
61.70
61.45
