10.55
14.40
17.50
18.85
21.30
23.05
23.60
25.25
26.80
27.90
29.45
30.05
30.55
30.85
30.50
32.25
33.45
33.45
34.45
34.75
35.10
34.55
36.10
35.95
37.15
37.25
37.95
38.65
38.90
39.30
40.20
40.00
40.70
40.30
40.70
40.70
41.00
41.25
41.95
42.30
42.50
43.30
42.60
43.30
42.85
42.85
43.65
43.70
43.95
43.80
44.45
44.90
45.40
44.95
46.55
45.95
47.00
46.65
47.50
47.05
47.30
47.70
48.15
47.55
47.15
47.20
49.10
47.90
48.05
49.20
49.50
49.35
49.55
49.40
49.70
49.90
49.00
50.65
50.00
50.85
50.30
51.45
50.40
51.10
51.95
51.50
52.10
52.40
51.35
52.35
52.20
52.05
52.60
52.90
53.25
52.95
53.15
52.10
54.10
54.45
54.15
53.70
54.40
55.45
55.20
54.35
55.10
55.10
56.15
55.55
56.60
56.10
56.40
57.00
57.10
56.10
56.80
56.25
57.15
57.25
56.50
57.85
57.30
56.95
58.75
58.15
58.70
58.45
59.80
59.55
59.20
58.50
59.20
60.20
59.25
59.90
59.75
60.45
58.95
59.95
59.90
59.90
60.70
59.45
60.35
60.30
60.45
60.15
61.55
59.45
61.15
61.35
62.10
62.30
62.10
61.75
61.05
61.35
61.85
62.15
61.10
62.55
62.80
62.30
62.85
62.05
62.90
62.45
63.05
63.90
62.75
63.70
63.05
62.95
63.25
63.95
64.45
64.20
64.30
63.20
64.20
63.45
64.80
63.65
63.60
63.45
63.40
64.00
63.75
64.25
64.15
64.95
64.20
64.05
64.50
64.10
64.90
64.75
65.05
65.60
65.60
66.25
66.85
64.75
65.85
65.05
65.80
66.95
66.25
66.50
66.75
66.45
66.15
65.45
66.75
66.00
67.15
67.15
67.15
67.20
66.95
68.50
67.75
66.50
66.80
67.35
66.70
67.40
66.30
67.90
68.60
67.65
67.70
66.90
68.55
67.60
67.80
68.55
69.35
67.50
68.35
68.65
68.85
69.35
68.00
69.25
68.80
68.55
68.50
68.10
68.70
68.60
69.25
69.10
69.20
69.25
69.05
69.20
67.25
69.70
68.45
69.20
69.00
68.35
69.35
68.60
69.70
70.05
68.85
69.40
69.25
68.30
70.35
70.10
68.85
69.15
70.05
69.70
69.50
70.50
70.35
68.50
71.25
69.75
69.95
69.95
70.45
70.20
70.70
69.85
69.90
70.70
70.95
71.80
70.10
70.50
70.25
69.90
70.55
71.60
69.85
70.35
69.30
70.65
70.70
70.35
69.80
71.80
70.65
70.05
71.00
71.40
70.90
69.95
69.75
71.45
70.75
70.65
71.15
70.10
70.55
71.45
70.90
71.25
71.20
71.00
70.45
71.45
70.80
69.40
71.00
71.25
70.65
70.60
71.30
70.75
70.65
71.80
71.25
71.10
71.15
70.45
71.70
71.80
71.65
71.55
70.00
71.75
72.45
72.00
71.60
71.85
72.55
72.00
71.60
71.90
71.40
71.25
72.10
72.15
71.00
71.30
73.00
73.45
72.25
72.30
72.20
71.10
72.35
71.60
73.00
72.80
72.55
71.50
73.55
71.95
72.00
73.10
73.05
73.80
71.70
72.85
72.70
72.85
72.40
71.95
72.20
73.40
72.80
72.25
72.30
72.95
73.05
73.25
73.10
72.60
72.25
73.40
71.85
73.90
73.75
73.00
73.10
72.30
72.95
73.75
74.20
73.20
73.45
73.40
73.75
74.15
73.50
73.70
73.80
73.55
73.25
72.70
73.50
72.95
73.25
73.40
72.35
74.65
74.25
72.35
72.75
73.60
73.25
73.90
71.90
73.55
74.10
74.00
73.80
75.50
74.35
74.50
74.95
74.60
73.70
75.10
74.00
73.55
74.05
73.35
73.55
74.80
73.55
74.00
74.35
74.75
74.45
75.15
74.15
74.30
73.85
75.40
74.75
75.25
75.15
74.80
74.75
74.75
75.25
74.65
74.50
75.65
74.90
73.85
75.10
74.75
74.95
75.55
73.30
73.75
75.30
73.65
74.40
74.60
75.35
73.70
74.70
73.70
75.85
74.95
75.05
73.10
75.60
75.75
75.50
74.35
75.20
74.00
75.50
75.35
75.35
74.35
74.50
75.35
74.85
75.25
75.30
75.10
75.80
75.00
76.55
74.85
75.95
76.60
75.90
75.70
74.70
75.00
75.15
74.80
74.85
76.35
75.20
75.60
75.75
76.15
76.70
75.85
76.05
75.30
76.25
75.85
75.25
75.50
74.40
76.40
75.85
74.85
76.00
75.10
76.45
76.10
76.65
75.20
75.10
77.25
77.00
75.50
74.55
75.60
76.40
75.80
76.05
75.90
76.80
74.95
77.45
76.45
75.60
75.85
76.70
75.45
77.00
76.10
76.85
76.05
75.10
76.50
76.85
76.15
75.40
77.20
75.70
76.05
77.10
76.10
76.00
76.70
76.00
75.40
77.30
77.00
76.65
77.45
76.25
77.25
76.70
76.45
77.55
76.60
76.10
76.40
77.00
76.00
75.30
77.20
76.95
76.30
76.45
76.20
77.05
76.70
76.80
76.75
76.35
76.35
76.80
77.05
76.80
77.30
76.85
76.55
77.70
77.05
76.60
76.70
76.35
76.95
76.40
76.55
77.05
77.00
76.45
76.85
77.30
77.20
77.60
76.70
77.25
77.95
76.90
76.75
76.55
76.35
78.00
77.65
77.00
77.50
77.65
77.55
78.20
76.25
77.75
76.80
78.05
76.60
77.75
77.50
77.10
76.65
76.90
76.95
76.60
76.95
77.45
77.35
77.70
76.65
77.75
77.95
77.55
77.40
77.90
77.00
77.35
77.45
76.70
76.70
77.55
76.45
77.10
78.85
77.65
78.15
76.95
77.35
77.10
77.05
77.25
75.85
78.65
78.05
76.30
76.45
78.40
77.55
78.15
77.00
77.85
77.30
77.70
77.50
76.55
77.40
77.95
78.45
76.60
78.05
77.50
77.60
77.60
77.25
79.70
77.65
77.10
77.40
77.95
77.45
77.85
77.15
77.75
78.10
76.95
77.95
78.35
78.95
77.85
78.20
77.90
78.70
77.85
78.15
77.70
76.95
79.10
78.25
77.85
78.90
77.65
79.20
78.70
78.40
78.80
78.55
78.05
78.40
77.80
77.05
78.20
79.10
78.50
78.45
77.85
78.30
77.45
79.10
77.75
78.75
79.35
77.85
78.55
77.60
78.90
78.30
77.95
78.40
78.90
79.60
79.55
78.50
77.75
79.55
78.90
78.25
78.65
77.65
78.75
79.40
78.35
78.50
77.40
78.95
77.60
78.60
78.90
78.45
77.55
78.20
78.65
78.25
77.10
78.50
78.80
78.40
79.00
78.25
77.95
78.75
77.60
79.05
79.20
78.55
77.60
78.90
78.35
78.85
79.60
78.85
78.45
77.95
78.60
78.30
79.85
78.80
79.05
78.10
79.00
79.40
79.50
79.05
79.40
78.55
78.40
78.15
78.70
79.65
79.50
79.00
79.20
78.30
78.10
78.50
79.30
79.75
79.25
78.45
79.20
80.50
79.45
78.75
79.75
79.85
79.60
78.30
79.00
78.85
80.30
80.35
79.10
77.90
79.45
79.90
79.85
78.90
79.25
78.60
79.15
78.25
79.50
79.40
78.85
79.10
79.60
78.70
77.90
79.00
80.60
79.60
79.30
79.30
79.40
78.35
79.35
79.95
79.40
79.30
79.40
79.20
79.55
79.15
79.75
78.60
79.25
79.25
80.50
79.30
79.15
79.90
78.95
80.15
79.75
79.95
79.25
80.00
79.75
79.30
80.40
79.75
79.60
79.80
79.25
79.75
80.25
78.10
80.40
79.95
78.85
79.10
79.55
79.80
77.85
80.30
80.60
79.85
78.75
79.90
79.75
79.65
78.90
78.60
80.80
79.60
79.05
78.80
79.65
79.10
79.70
80.20
80.20
79.80
81.05
79.90
79.55
80.40
80.15
80.45
79.00
79.15
80.55
79.25
80.55
79.80
78.80
80.00
79.95
79.55
80.10
79.65
78.95
80.25
80.20
79.45
79.65
80.15
80.00
79.85
80.40
80.10
80.40
80.30
80.40
79.65
80.30
81.00
78.75
80.70
79.75
80.15
79.85
80.10
79.05
80.50
79.85
81.10
79.15
79.55
80.05
78.50
80.05
80.00
79.65
80.35
80.45
79.40
80.30
80.80
79.45
80.90
80.70
79.85
80.45
79.95
80.15
79.55
78.85
80.20
80.20
80.05
79.80
81.10
80.70
80.85
80.15
79.70
81.45
80.95
79.65
80.05
80.20
80.65
80.10
80.30
80.00
80.20
