-0.30
0.09
0.24
0.37
0.26
0.64
0.43
0.55
0.70
0.78
0.46
0.63
0.97
1.12
1.12
0.93
0.85
0.74
0.72
0.73
0.67
0.76
0.75
0.87
0.81
0.65
0.87
1.01
0.60
0.54
0.53
1.23
1.28
0.87
0.75
0.87
0.88
0.77
0.64
1.03
1.02
0.98
1.36
1.15
0.75
0.98
1.10
0.83
0.94
0.91
1.28
0.96
1.05
1.00
0.70
1.24
0.75
1.47
1.12
1.16
1.07
1.11
1.21
1.26
0.49
1.10
1.03
0.82
1.17
1.19
0.97
1.10
1.02
0.98
1.05
1.02
0.96
0.84
1.24
1.21
1.14
1.20
1.56
0.87
0.74
1.47
0.85
0.77
1.35
1.22
1.29
1.02
0.83
1.21
1.06
0.94
0.85
1.29
0.93
0.87
1.28
0.78
1.07
1.03
1.42
1.20
1.31
0.86
1.26
1.64
1.31
1.21
0.70
1.04
1.12
1.51
1.20
1.33
1.27
0.98
0.76
1.17
1.34
1.30
0.99
1.03
0.42
0.44
1.17
1.20
1.26
1.36
0.96
1.22
1.36
0.75
0.91
1.18
1.16
0.93
1.29
1.08
1.19
1.00
0.97
1.30
1.09
1.06
0.86
1.09
0.85
0.98
1.50
0.98
1.02
1.36
0.88
1.39
1.42
1.63
1.06
1.38
1.22
0.79
1.52
1.11
0.98
1.56
1.03
0.96
1.00
1.44
1.68
1.14
1.06
1.21
1.05
0.78
1.27
1.46
0.87
1.22
0.94
1.37
1.54
1.03
1.06
1.08
1.33
1.01
1.33
1.61
1.62
1.39
1.21
0.84
1.10
1.06
1.20
1.08
1.15
1.27
0.97
1.06
1.35
1.04
1.49
1.55
1.46
1.38
1.37
1.18
1.16
1.24
0.87
1.47
0.91
1.65
1.18
0.95
0.63
1.25
1.53
1.08
1.21
1.83
1.02
1.11
1.07
1.88
1.12
1.12
1.25
1.48
1.33
1.44
1.38
1.36
1.54
1.94
1.50
1.31
1.23
1.04
1.43
1.54
1.73
1.18
1.52
2.07
1.83
1.14
1.76
1.02
1.60
1.26
1.79
0.93
1.71
1.72
1.48
1.39
0.99
1.40
1.42
1.53
1.18
1.32
1.62
1.78
1.13
1.21
1.19
1.56
1.38
1.45
1.63
1.15
1.21
1.35
1.05
1.04
1.58
1.02
1.68
1.50
1.21
1.49
1.63
1.25
1.29
1.41
1.06
1.73
1.16
1.26
1.62
1.23
1.63
1.64
1.63
1.23
1.27
1.34
1.54
1.79
1.64
0.93
1.36
1.19
1.30
1.24
1.32
1.56
1.18
1.04
1.52
1.32
1.46
1.03
1.41
1.20
0.91
1.61
1.50
1.28
1.48
1.26
1.28
1.17
1.33
1.08
1.24
1.04
1.35
1.63
1.29
1.28
1.38
1.48
1.31
0.95
1.10
1.39
1.26
1.08
1.81
1.26
1.14
1.19
1.32
1.08
1.64
1.38
1.46
1.00
1.45
1.88
1.34
0.97
1.46
1.58
1.63
1.67
1.49
1.76
1.14
1.44
1.32
1.35
1.13
1.64
1.56
1.01
1.68
0.88
1.55
1.17
1.34
1.05
1.15
1.77
1.77
1.64
1.50
1.44
1.45
0.89
1.32
1.46
1.32
1.48
1.63
1.10
1.29
0.88
1.60
1.48
1.54
0.96
1.79
2.13
1.44
1.18
1.07
0.97
1.48
1.24
1.11
0.95
1.27
1.81
1.28
1.24
1.09
1.46
1.25
1.42
1.41
1.01
1.49
1.52
1.59
0.93
1.41
1.19
1.01
1.37
1.28
1.14
1.79
1.83
1.26
1.45
1.40
1.71
1.24
1.42
1.22
1.08
1.78
1.09
1.14
0.83
1.41
1.67
1.37
1.47
1.00
1.26
1.11
1.75
1.37
1.59
1.85
1.74
1.39
2.00
1.26
0.81
1.42
1.59
1.48
1.13
1.00
0.97
1.02
1.50
1.43
1.60
1.09
1.55
0.94
1.45
1.48
1.50
1.42
1.44
1.53
1.68
1.44
1.63
1.66
1.29
1.29
1.64
1.30
1.48
1.38
1.03
1.12
1.72
1.50
1.10
1.23
1.22
1.13
1.97
1.09
0.90
1.23
1.26
1.36
1.36
1.65
1.03
1.25
1.55
1.41
1.36
1.64
1.43
1.22
1.39
1.75
0.68
1.72
1.67
0.78
1.06
1.33
1.51
1.42
1.34
1.56
1.45
1.20
1.49
1.39
1.10
1.42
1.62
1.19
1.23
1.05
1.63
1.28
1.34
1.23
1.15
1.29
1.49
1.77
1.08
1.52
1.51
0.83
1.13
1.28
1.05
1.64
1.27
1.80
1.38
1.35
1.53
1.57
1.06
1.01
1.87
1.63
1.15
1.55
0.94
1.42
1.42
1.02
1.55
1.21
1.64
1.18
1.59
1.03
1.34
1.41
0.99
1.54
1.25
1.15
1.47
1.58
1.36
1.81
1.43
1.33
1.82
1.12
1.75
1.11
0.87
1.42
1.40
1.11
1.25
1.28
1.60
1.97
0.89
1.11
0.97
1.57
1.60
1.49
1.40
1.50
0.92
1.58
1.31
1.50
1.04
1.61
1.06
1.54
1.64
1.27
1.61
1.46
1.48
1.14
1.36
0.78
1.61
1.01
1.23
1.78
1.50
1.16
1.51
1.67
1.84
1.73
1.22
1.28
1.33
1.24
1.77
1.15
1.03
1.30
1.13
1.32
2.08
1.18
1.47
1.43
1.60
1.55
1.14
1.16
1.35
1.24
1.31
1.50
1.41
1.59
1.55
1.39
1.32
0.83
0.87
1.22
1.18
1.52
2.00
1.05
1.13
1.41
1.08
1.37
1.21
1.13
1.07
1.06
1.45
1.12
1.01
1.38
1.14
1.33
1.83
1.39
1.43
1.42
1.16
0.89
1.29
1.08
1.34
1.49
1.66
1.57
1.60
1.32
1.47
1.40
1.02
1.22
1.13
1.26
1.25
1.53
1.39
1.64
1.15
2.02
1.79
1.19
1.42
1.18
0.47
1.31
1.35
0.87
1.29
1.61
1.60
1.62
1.60
1.69
1.03
1.11
1.05
1.13
1.98
1.50
1.17
1.39
1.62
1.48
1.65
1.62
1.74
1.64
0.88
1.52
1.08
0.98
1.89
0.82
1.37
1.22
1.09
1.58
1.98
1.00
1.19
1.53
1.42
1.34
1.62
1.29
1.29
1.42
1.17
1.36
1.55
1.40
1.47
1.38
1.45
1.20
0.90
1.05
1.10
1.54
1.10
1.57
1.25
1.37
1.56
1.25
1.22
1.34
1.40
1.79
1.57
1.55
1.11
1.32
1.44
1.45
0.92
1.46
1.42
1.57
1.36
1.33
1.29
1.47
1.37
1.69
1.43
1.26
1.06
1.18
1.43
1.37
1.02
1.27
1.22
1.55
1.43
1.24
1.62
1.16
0.96
1.49
1.22
1.19
1.27
1.35
1.04
1.55
1.53
1.80
1.36
1.08
1.61
1.85
1.20
1.42
1.27
1.53
1.19
1.57
1.40
1.60
1.33
1.99
1.76
0.96
1.44
1.42
1.07
1.24
1.75
1.78
1.11
1.09
1.22
1.40
1.31
1.43
1.42
1.51
0.98
0.92
1.49
1.19
1.31
1.48
1.68
1.83
1.21
0.53
1.32
1.12
1.65
1.30
1.42
1.54
1.06
1.59
1.27
1.41
1.39
0.93
1.22
1.21
1.84
1.39
1.01
0.80
1.38
1.37
1.24
1.65
1.20
0.62
1.73
1.17
1.01
1.40
1.73
1.17
1.36
1.37
1.26
1.47
1.23
1.17
1.42
1.79
1.44
1.48
1.28
1.58
1.16
1.75
1.21
1.69
1.30
1.06
1.45
1.45
1.39
1.23
1.20
1.42
1.13
0.87
1.50
1.33
1.20
0.92
1.50
1.17
2.03
1.13
1.52
1.31
1.61
1.42
1.69
1.31
1.29
1.21
1.19
1.45
1.39
1.73
1.28
1.28
1.43
1.72
0.88
1.41
1.01
1.41
1.34
1.54
0.95
1.26
1.27
1.30
1.36
0.97
1.16
1.18
0.81
1.43
1.54
1.46
1.07
0.84
1.10
1.28
1.49
1.59
1.88
1.45
1.47
1.35
1.41
1.41
1.06
1.69
1.94
1.32
1.58
1.25
1.42
1.27
1.28
1.39
1.07
1.15
1.63
1.09
1.38
1.01
1.26
1.23
1.53
0.76
1.37
1.58
1.25
1.13
1.38
1.19
1.22
1.25
1.55
1.80
1.43
1.62
1.23
1.22
0.99
