-0.04
0.26
0.41
0.56
0.61
0.66
0.71
0.78
0.80
0.81
0.87
0.88
0.90
0.89
0.93
0.98
0.97
0.94
0.99
0.95
0.95
1.04
0.99
1.00
1.01
1.00
1.00
0.96
1.00
1.00
1.01
1.01
1.03
0.99
1.01
1.03
0.98
1.07
1.04
1.02
0.98
1.04
1.03
1.03
1.03
1.03
1.07
1.05
1.05
0.99
1.00
1.01
1.03
1.04
1.02
1.07
1.03
1.05
0.98
1.03
1.04
1.00
1.02
1.02
1.01
1.05
1.03
1.02
1.00
1.01
1.04
1.02
1.05
1.05
1.05
1.09
1.06
1.04
1.00
1.05
1.05
1.06
1.03
1.04
1.04
1.03
1.06
1.04
1.06
1.03
1.04
1.08
1.06
1.08
1.07
1.06
1.01
1.07
1.03
1.10
1.06
1.05
1.05
1.06
1.06
1.09
1.08
1.10
1.07
1.08
1.02
1.07
1.08
1.08
1.07
1.07
1.07
1.07
1.08
1.04
1.10
1.07
1.06
1.11
1.11
1.05
1.09
1.10
1.06
1.07
1.10
1.08
1.12
1.10
1.10
1.11
1.08
1.11
1.05
1.07
1.07
1.09
1.05
1.09
1.08
1.12
1.07
1.09
1.12
1.08
1.10
1.12
1.09
1.11
1.11
1.07
1.09
1.16
1.07
1.14
1.10
1.11
1.07
1.09
1.12
1.14
1.12
1.10
1.14
1.12
1.11
1.10
1.12
1.13
1.11
1.09
1.08
1.11
1.14
1.09
1.12
1.13
1.13
1.11
1.14
1.13
1.11
1.15
1.13
1.10
1.13
1.09
1.11
1.11
1.08
1.11
1.13
1.15
1.12
1.13
1.11
1.20
1.18
1.12
1.12
1.08
1.14
1.09
1.17
1.13
1.12
1.13
1.07
1.12
1.13
1.09
1.13
1.14
1.12
1.13
1.12
1.11
1.13
1.15
1.12
1.12
1.11
1.18
1.13
1.15
1.13
1.14
1.17
1.12
1.12
1.13
1.18
1.15
1.12
1.12
1.15
1.12
1.08
1.19
1.16
1.16
1.14
1.13
1.12
1.14
1.14
1.12
1.14
1.14
1.16
1.10
1.17
1.14
1.14
1.14
1.14
1.16
1.16
1.14
1.13
1.13
1.12
1.13
1.18
1.15
1.15
1.21
1.17
1.15
1.17
1.17
1.16
1.13
1.12
1.16
1.14
1.16
1.15
1.18
1.16
1.16
1.19
1.20
1.11
1.14
1.16
1.17
1.16
1.19
1.21
1.11
1.17
1.14
1.17
1.20
1.16
1.15
1.17
1.15
1.16
1.15
1.17
1.18
1.13
1.16
1.19
1.17
1.14
1.21
1.17
1.18
1.16
1.14
1.17
1.15
1.18
1.18
1.20
1.17
1.18
1.18
1.17
1.21
1.20
1.19
1.16
1.17
1.13
1.17
1.21
1.16
1.19
1.17
1.16
1.17
1.18
1.16
1.18
1.19
1.19
1.13
1.18
1.19
1.20
1.20
1.18
1.20
1.20
1.19
1.18
1.15
1.16
1.16
1.17
1.17
1.17
1.18
1.18
1.19
1.23
1.17
1.17
1.21
1.21
1.20
1.15
1.19
1.16
1.16
1.17
1.21
1.19
1.23
1.19
1.15
1.20
1.19
1.17
1.18
1.20
1.21
1.22
1.23
1.15
1.16
1.21
1.20
1.20
1.26
1.17
1.17
1.21
1.16
1.16
1.20
1.16
1.20
1.19
1.15
1.17
1.16
1.24
1.19
1.21
1.19
1.20
1.20
1.22
1.20
1.19
1.20
1.19
1.20
1.24
1.18
1.19
1.21
1.22
1.20
1.18
1.20
1.16
1.22
1.25
1.21
1.21
1.16
1.21
1.20
1.20
1.18
1.27
1.23
1.19
1.18
1.22
1.16
1.22
1.21
1.22
1.22
1.22
1.21
1.19
1.19
1.24
1.19
1.20
1.23
1.25
1.21
1.19
1.21
1.20
1.22
1.21
1.24
1.18
1.23
1.27
1.21
1.20
1.19
1.23
1.20
1.23
1.19
1.16
1.20
1.22
1.22
1.19
1.22
1.24
1.23
1.21
1.19
1.19
1.22
1.20
1.24
1.16
1.21
1.23
1.20
1.23
1.20
1.22
1.22
1.22
1.23
1.22
1.18
1.23
1.20
1.22
1.22
1.24
1.21
1.26
1.25
1.22
1.25
1.26
1.24
1.23
1.23
1.25
1.26
1.22
1.27
1.22
1.21
1.23
1.24
1.25
1.23
1.25
1.26
1.25
1.24
1.25
1.23
1.21
1.25
1.23
1.23
1.21
1.25
1.25
1.24
1.25
1.21
1.21
1.21
1.25
1.25
1.24
1.24
1.26
1.24
1.24
1.19
1.22
1.21
1.23
1.19
1.23
1.22
1.21
1.23
1.21
1.24
1.25
1.22
1.20
1.27
1.24
1.22
1.24
1.23
1.23
1.27
1.23
1.24
1.25
1.25
1.24
1.23
1.27
1.27
1.23
1.23
1.25
1.26
1.22
1.27
1.25
1.25
1.24
1.25
1.21
1.28
1.31
1.25
1.25
1.26
1.23
1.24
1.27
1.23
1.21
1.25
1.28
1.23
1.24
1.22
1.24
1.25
1.24
1.25
1.19
1.25
1.28
1.22
1.24
1.25
1.29
1.28
1.18
1.22
1.20
1.23
1.28
1.27
1.30
1.25
1.27
1.25
1.25
1.25
1.29
1.22
1.23
1.24
1.27
1.25
1.25
1.24
1.28
1.28
1.24
1.29
1.23
1.26
1.23
1.27
1.26
1.29
1.27
1.28
1.23
1.22
1.27
1.29
1.27
1.27
1.29
1.25
1.29
1.22
1.29
1.28
1.29
1.25
1.23
1.32
1.22
1.28
1.27
1.25
1.24
1.27
1.28
1.23
1.28
1.28
1.26
1.20
1.30
1.28
1.24
1.29
1.28
1.30
1.25
1.28
1.23
1.24
1.27
1.28
1.29
1.30
1.26
1.27
1.21
1.27
1.27
1.24
1.30
1.27
1.28
1.25
1.25
1.26
1.26
1.30
1.25
1.24
1.28
1.25
1.29
1.29
1.26
1.28
1.27
1.29
1.26
1.28
1.31
1.30
1.28
1.23
1.25
1.28
1.24
1.27
1.31
1.24
1.28
1.27
1.31
1.26
1.28
1.30
1.30
1.25
1.29
1.27
1.26
1.32
1.24
1.27
1.25
1.28
1.25
1.26
1.30
1.30
1.27
1.23
1.26
1.29
1.24
1.27
1.23
1.26
1.26
1.27
1.25
1.24
1.28
1.28
1.27
1.26
1.28
1.27
1.28
1.25
1.28
1.29
1.28
1.29
1.30
1.33
1.30
1.28
1.27
1.30
1.29
1.34
1.32
1.32
1.29
1.27
1.33
1.28
1.26
1.26
1.25
1.30
1.29
1.30
1.31
1.34
1.32
1.32
1.27
1.25
1.29
1.28
1.28
1.32
1.29
1.29
1.30
1.28
1.32
1.31
1.29
1.31
1.31
1.30
1.26
1.32
1.28
1.32
1.27
1.29
1.27
1.31
1.31
1.32
1.29
1.30
1.27
1.35
1.31
1.29
1.27
1.29
1.31
1.30
1.26
1.27
1.30
1.27
1.23
1.33
1.30
1.31
1.29
1.26
1.30
1.31
1.32
1.32
1.29
1.29
1.31
1.31
1.28
1.30
1.30
1.34
1.31
1.32
1.28
1.33
1.31
1.30
1.33
1.32
1.31
1.29
1.30
1.30
1.31
1.34
1.28
1.32
1.29
1.28
1.31
1.29
1.27
1.31
1.32
1.29
1.29
1.35
1.30
1.31
1.29
1.31
1.33
1.33
1.28
1.34
1.29
1.30
1.33
1.28
1.27
1.34
1.28
1.30
1.31
1.32
1.29
1.32
1.33
1.37
1.34
1.30
1.31
1.32
1.33
1.31
1.30
1.29
1.30
1.29
1.30
1.30
1.35
1.29
1.31
1.30
1.30
1.26
1.30
1.24
1.35
1.31
1.31
1.33
1.33
1.31
1.32
1.26
1.26
1.31
1.32
1.32
1.35
1.32
1.30
1.31
1.30
1.33
1.33
1.29
1.33
1.33
1.35
1.33
1.36
1.30
1.33
1.32
1.29
1.35
1.33
1.23
1.31
1.37
1.33
1.32
1.31
1.35
1.34
1.30
1.32
1.32
1.31
1.30
1.34
1.33
1.29
1.32
1.33
1.30
1.32
1.36
1.31
1.37
1.31
1.27
1.33
1.35
1.33
1.36
1.33
1.30
1.32
1.35
1.33
1.36
1.35
1.30
1.32
1.35
1.35
1.28
1.30
1.35
1.31
1.36
1.32
1.37
1.30
1.34
1.31
1.26
