0.05
0.29
0.48
0.54
0.63
0.70
0.68
0.71
0.77
0.83
0.81
0.84
0.85
0.87
0.88
0.89
0.88
0.90
0.96
0.97
0.92
0.94
1.01
1.00
0.99
0.97
1.01
0.99
0.96
1.01
1.02
1.00
1.01
1.07
1.03
1.02
1.03
1.03
1.04
1.06
1.03
1.02
1.06
1.05
1.09
1.05
1.05
1.09
1.09
1.08
1.03
1.08
1.09
1.04
1.10
1.07
1.09
1.12
1.12
1.12
1.13
1.08
1.13
1.15
1.11
1.11
1.09
1.11
1.12
1.15
1.15
1.14
1.15
1.15
1.17
1.12
1.15
1.19
1.14
1.18
1.20
1.14
1.18
1.18
1.16
1.12
1.18
1.15
1.16
1.18
1.22
1.19
1.19
1.16
1.22
1.16
1.17
1.16
1.18
1.20
1.20
1.19
1.20
1.20
1.18
1.22
1.22
1.17
1.21
1.18
1.23
1.19
1.21
1.23
1.16
1.21
1.20
1.21
1.22
1.20
1.19
1.20
1.23
1.18
1.23
1.23
1.23
1.22
1.25
1.23
1.23
1.24
1.26
1.25
1.24
1.24
1.23
1.28
1.21
1.26
1.26
1.26
1.29
1.23
1.26
1.24
1.20
1.25
1.21
1.21
1.23
1.29
1.22
1.25
1.24
1.26
1.28
1.23
1.26
1.26
1.23
1.22
1.24
1.28
1.28
1.28
1.25
1.27
1.29
1.30
1.22
1.28
1.31
1.30
1.29
1.27
1.25
1.29
1.28
1.26
1.27
1.28
1.29
1.29
1.30
1.26
1.28
1.29
1.28
1.30
1.21
1.28
1.27
1.30
1.28
1.29
1.28
1.28
1.27
1.28
1.28
1.29
1.29
1.29
1.28
1.31
1.29
1.30
1.33
1.35
1.30
1.32
1.30
1.28
1.29
1.29
1.33
1.29
1.32
1.30
1.32
1.31
1.30
1.28
1.31
1.32
1.29
1.28
1.28
1.35
1.30
1.26
1.36
1.32
1.30
1.30
1.30
1.30
1.30
1.30
1.29
1.29
1.26
1.31
1.29
1.31
1.28
1.31
1.29
1.26
1.29
1.32
1.25
1.34
1.29
1.31
1.32
1.32
1.32
1.32
1.35
1.29
1.29
1.29
1.27
1.28
1.30
1.33
1.28
1.31
1.32
1.34
1.31
1.32
1.31
1.31
1.30
1.29
1.32
1.27
1.36
1.36
1.35
1.31
1.37
1.34
1.32
1.31
1.34
1.33
1.30
1.32
1.33
1.30
1.34
1.28
1.33
1.32
1.32
1.34
1.33
1.35
1.28
1.34
1.37
1.32
1.36
1.33
1.37
1.31
1.31
1.36
1.28
1.35
1.33
1.32
1.29
1.34
1.33
1.35
1.35
1.31
1.28
1.36
1.35
1.32
1.40
1.36
1.31
1.32
1.38
1.28
1.28
1.34
1.29
1.34
1.38
1.33
1.32
1.33
1.34
1.29
1.33
1.37
1.31
1.35
1.30
1.34
1.35
1.32
1.33
1.30
1.30
1.31
1.33
1.30
1.37
1.34
1.30
1.37
1.29
1.36
1.37
1.37
1.36
1.36
1.29
1.33
1.33
1.31
1.38
1.35
1.36
1.37
1.36
1.36
1.38
1.30
1.35
1.32
1.33
1.35
1.33
1.28
1.35
1.32
1.36
1.37
1.34
1.31
1.33
1.38
1.35
1.34
1.40
1.32
1.35
1.30
1.29
1.36
1.32
1.32
1.34
1.35
1.30
1.29
1.30
1.33
1.29
1.39
1.34
1.32
1.30
1.31
1.33
1.36
1.35
1.36
1.31
1.36
1.31
1.35
1.30
1.32
1.33
1.34
1.31
1.33
1.31
1.36
1.32
1.34
1.32
1.37
1.40
1.35
1.36
1.34
1.29
1.36
1.34
1.32
1.38
1.28
1.33
1.33
1.34
1.28
1.35
1.34
1.33
1.34
1.33
1.38
1.37
1.29
1.33
1.33
1.30
1.30
1.37
1.33
1.37
1.37
1.35
1.36
1.35
1.34
1.37
1.34
1.34
1.33
1.28
1.33
1.34
1.39
1.32
1.32
1.34
1.33
1.32
1.32
1.34
1.36
1.33
1.39
1.33
1.39
1.34
1.35
1.37
1.36
1.38
1.37
1.35
1.34
1.35
1.34
1.34
1.35
1.27
1.34
1.35
1.33
1.33
1.37
1.33
1.31
1.32
1.36
1.30
1.37
1.34
1.35
1.34
1.34
1.32
1.34
1.36
1.37
1.36
1.38
1.38
1.40
1.37
1.33
1.38
1.35
1.39
1.30
1.33
1.37
1.31
1.38
1.31
1.37
1.34
1.33
1.33
1.36
1.33
1.35
1.37
1.34
1.35
1.37
1.37
1.35
1.36
1.31
1.35
1.34
1.36
1.36
1.41
1.33
1.33
1.35
1.34
1.36
1.33
1.36
1.36
1.29
1.35
1.33
1.36
1.34
1.34
1.32
1.34
1.34
1.38
1.39
1.29
1.35
1.36
1.31
1.33
1.33
1.36
1.39
1.34
1.38
1.35
1.35
1.37
1.35
1.35
1.31
1.37
1.35
1.33
1.35
1.30
1.37
1.36
1.31
1.35
1.34
1.38
1.36
1.35
1.40
1.36
1.37
1.33
1.34
1.30
1.33
1.35
1.36
1.37
1.31
1.39
1.35
1.37
1.34
1.37
1.42
1.30
1.33
1.31
1.33
1.37
1.36
1.35
1.40
1.35
1.35
1.41
1.35
1.37
1.37
1.32
1.37
1.38
1.30
1.35
1.33
1.36
1.39
1.36
1.31
1.39
1.35
1.33
1.36
1.32
1.35
1.39
1.32
1.37
1.38
1.38
1.36
1.32
1.40
1.32
1.35
1.37
1.39
1.33
1.40
1.33
1.38
1.35
1.38
1.36
1.34
1.36
1.41
1.34
1.37
1.34
1.38
1.34
1.34
1.36
1.35
1.31
1.36
1.32
1.32
1.37
1.37
1.34
1.34
1.38
1.32
1.35
1.34
1.32
1.35
1.33
1.30
1.33
1.33
1.35
1.37
1.36
1.31
1.39
1.36
1.42
1.29
1.36
1.36
1.35
1.37
1.34
1.32
1.31
1.39
1.27
1.35
1.33
1.35
1.41
1.33
1.35
1.34
1.37
1.36
1.38
1.31
1.31
1.36
1.36
1.37
1.34
1.31
1.34
1.40
1.32
1.36
1.37
1.37
1.37
1.32
1.30
1.37
1.35
1.34
1.35
1.37
1.39
1.34
1.33
1.35
1.32
1.33
1.38
1.35
1.32
1.36
1.28
1.38
1.35
1.35
1.35
1.37
1.37
1.37
1.31
1.33
1.37
1.36
1.35
1.40
1.37
1.38
1.34
1.39
1.33
1.40
1.35
1.38
1.35
1.36
1.36
1.34
1.39
1.34
1.36
1.38
1.37
1.37
1.39
1.35
1.36
1.31
1.39
1.36
1.37
1.34
1.37
1.34
1.36
1.38
1.41
1.35
1.34
1.42
1.38
1.32
1.36
1.35
1.38
1.39
1.31
1.36
1.35
1.36
1.36
1.36
1.38
1.34
1.32
1.39
1.39
1.38
1.36
1.34
1.33
1.34
1.31
1.38
1.34
1.36
1.36
1.39
1.33
1.36
1.36
1.34
1.35
1.37
1.36
1.36
1.37
1.31
1.36
1.32
1.38
1.31
1.34
1.32
1.35
1.37
1.36
1.35
1.32
1.38
1.37
1.38
1.32
1.38
1.38
1.36
1.33
1.35
1.37
1.33
1.36
1.39
1.37
1.37
1.34
1.39
1.31
1.34
1.34
1.31
1.37
1.36
1.39
1.33
1.38
1.36
1.37
1.39
1.37
1.35
1.33
1.36
1.36
1.40
1.33
1.38
1.32
1.33
1.35
1.36
1.34
1.38
1.34
1.33
1.35
1.35
1.36
1.38
1.37
1.33
1.40
1.31
1.35
1.36
1.38
1.37
1.35
1.35
1.35
1.40
1.36
1.34
1.39
1.36
1.34
1.32
1.37
1.38
1.37
1.31
1.38
1.36
1.39
1.37
1.37
1.39
1.35
1.36
1.37
1.37
1.34
1.32
1.37
1.32
1.31
1.29
1.36
1.34
1.37
1.35
1.37
1.38
1.35
1.33
1.42
1.36
1.30
1.36
1.38
1.36
1.36
1.32
1.35
1.35
1.36
1.36
1.35
1.38
1.36
1.36
1.37
1.37
1.33
1.36
1.38
1.37
1.33
1.38
1.39
1.36
1.42
1.38
1.31
1.37
1.34
1.34
1.35
1.37
1.36
1.41
1.34
1.38
1.36
1.32
1.33
1.36
1.38
1.37
1.35
1.32
1.37
1.37
1.37
1.41
1.38
1.37
