-0.03
0.27
0.43
0.59
0.64
0.69
0.73
0.79
0.81
0.86
0.84
0.89
0.89
0.95
0.92
0.92
0.95
0.99
0.98
0.93
1.00
0.96
0.92
0.97
0.97
1.01
0.98
0.98
0.99
1.02
0.99
0.98
0.99
0.97
0.99
0.98
1.00
1.01
0.98
1.03
1.00
0.99
0.97
0.99
1.02
1.02
0.99
1.03
1.00
1.00
0.96
1.04
1.01
0.97
1.01
1.00
1.01
0.98
1.01
1.02
1.02
0.99
1.04
1.01
1.00
1.00
1.00
1.02
1.04
0.98
1.00
0.99
1.04
1.00
1.00
0.99
1.00
0.97
0.98
1.01
1.02
1.03
1.02
1.02
1.00
1.00
1.02
1.00
0.94
1.01
1.00
1.00
0.98
1.04
1.00
1.03
1.00
1.03
1.03
0.97
1.03
0.97
1.06
1.04
1.02
1.03
1.00
1.01
1.01
1.00
1.04
1.03
1.02
1.00
1.04
1.01
1.02
1.01
1.01
1.03
1.00
1.03
1.02
1.02
1.01
1.03
1.07
1.03
1.01
0.98
1.02
1.03
1.04
1.04
1.03
1.02
1.00
1.03
1.04
1.03
1.03
1.05
1.06
1.04
1.06
0.98
1.05
1.01
1.06
1.02
1.06
1.04
1.02
1.02
1.01
1.00
1.01
1.01
1.03
0.99
1.05
0.99
1.04
1.03
1.08
1.01
1.01
1.02
0.99
1.04
1.02
1.01
1.01
1.01
1.01
1.02
1.00
1.00
1.03
1.02
1.04
0.97
1.00
0.95
1.00
1.09
1.04
1.04
1.04
1.02
1.00
1.02
1.00
1.02
1.01
1.00
1.03
1.02
0.99
1.01
1.04
1.01
0.99
1.04
1.03
1.04
1.02
1.06
1.03
1.02
1.04
1.02
1.00
1.02
1.05
1.02
1.04
0.98
1.00
1.03
0.99
1.01
1.04
1.02
0.99
0.98
1.03
1.02
1.01
0.99
1.03
1.00
1.00
1.02
1.00
1.01
1.01
1.03
0.99
1.01
1.01
1.04
1.00
1.06
1.01
1.03
1.05
1.02
1.02
1.08
1.03
1.03
0.99
1.00
1.04
1.02
0.97
1.03
1.06
1.06
0.99
1.04
0.99
1.03
1.02
1.04
1.00
1.02
1.03
1.01
1.06
1.04
1.00
1.01
1.04
0.97
1.04
1.08
1.03
1.02
1.04
1.02
1.05
1.03
0.99
1.00
1.07
1.07
1.07
1.05
1.05
1.00
1.03
0.99
1.00
1.00
1.02
1.01
1.03
1.06
1.05
1.02
1.00
1.01
1.04
0.98
1.02
1.00
1.05
1.00
1.04
1.05
1.01
1.05
1.05
1.06
1.00
1.01
1.04
1.00
1.03
1.00
1.02
0.99
1.02
1.00
1.02
1.00
1.04
0.97
1.01
1.02
0.96
1.02
1.02
1.01
1.04
1.00
0.99
1.04
1.00
1.01
1.08
1.03
1.01
0.99
1.02
1.01
1.01
1.01
1.03
0.99
1.04
1.02
1.01
1.00
1.04
1.01
1.03
1.03
0.99
1.01
1.02
1.02
1.05
1.00
0.96
1.00
1.01
1.01
1.00
1.01
0.99
1.00
1.04
0.99
1.05
1.02
1.04
1.01
1.01
1.04
1.05
1.02
1.02
1.00
1.02
1.05
1.05
1.01
1.04
1.00
1.05
1.03
1.04
1.01
1.01
1.04
0.98
1.02
1.03
0.99
1.04
1.00
1.01
1.02
1.02
1.04
1.02
1.02
1.03
1.04
1.03
1.02
1.03
1.01
1.05
1.04
1.05
1.03
1.02
1.02
1.06
1.02
1.05
1.00
1.01
1.01
1.03
0.99
1.01
1.00
1.01
1.07
1.03
1.00
1.08
1.01
1.00
1.05
1.00
1.01
1.01
1.03
1.03
0.98
1.00
1.06
1.02
1.06
1.00
0.99
1.03
1.03
1.02
1.03
1.03
0.98
1.02
1.00
1.05
1.04
1.06
1.01
1.01
1.03
1.02
0.98
1.06
1.06
1.05
0.99
1.02
1.03
1.03
1.04
1.02
1.02
1.02
1.01
1.05
1.05
1.02
1.05
1.02
1.02
1.02
1.03
1.04
1.00
1.03
0.99
1.03
1.00
1.00
1.02
1.01
1.03
1.00
1.02
1.00
0.99
1.05
1.01
1.00
1.01
1.00
0.99
1.01
1.02
1.04
1.03
1.02
1.02
1.04
1.03
1.03
0.99
1.02
1.01
1.00
1.01
1.03
1.02
1.03
1.02
0.99
1.01
1.00
1.02
1.05
1.03
1.03
1.02
1.04
1.04
1.00
0.99
1.01
1.04
1.03
1.02
1.02
0.97
1.00
1.00
1.02
0.97
1.04
1.03
1.03
1.02
1.05
1.03
1.06
1.01
1.02
1.04
1.03
1.03
0.98
1.02
1.02
1.03
1.05
1.00
1.05
0.98
1.00
1.02
1.01
1.01
1.02
1.05
1.00
1.05
1.03
0.99
1.03
1.00
1.02
1.04
1.04
1.05
1.03
1.04
1.04
1.02
1.05
1.04
1.01
1.04
1.04
1.06
1.03
1.03
1.07
1.03
0.98
1.00
1.04
1.05
1.03
1.03
1.01
1.01
1.01
1.00
1.03
1.03
1.01
1.01
1.03
1.00
1.03
1.04
1.06
1.02
1.04
0.99
1.05
0.99
1.05
1.01
1.01
1.02
0.99
1.02
1.07
1.04
1.02
1.03
1.01
0.99
1.01
1.04
0.99
1.04
1.00
1.03
1.00
1.00
1.03
1.02
1.04
1.01
0.99
1.02
1.04
1.02
1.04
0.98
0.99
1.01
1.00
1.01
1.02
1.02
1.03
1.00
1.00
1.09
1.01
1.04
1.07
1.06
1.00
1.00
1.02
0.99
0.99
1.05
1.02
1.05
1.03
0.98
1.07
1.02
1.00
1.05
1.01
1.06
1.05
1.01
1.04
1.03
1.02
1.03
1.00
1.01
1.04
1.06
0.98
1.05
1.01
1.03
1.01
1.03
1.03
1.03
1.06
1.04
1.04
1.02
0.99
1.03
1.03
1.05
1.00
1.02
1.01
1.06
1.01
1.01
1.03
1.05
1.02
1.03
0.99
1.04
1.03
1.04
1.05
1.04
1.03
1.04
1.00
1.04
1.07
1.04
1.05
1.02
1.03
1.04
1.03
1.05
1.04
1.00
1.02
1.00
1.07
0.97
1.06
1.02
1.02
1.06
1.02
1.00
1.01
0.99
1.01
1.00
1.00
1.04
0.98
1.02
1.07
1.03
1.01
1.01
1.00
1.00
1.06
1.05
0.98
1.01
1.04
1.07
1.01
1.03
1.02
1.01
1.03
0.97
1.06
1.06
1.05
1.02
1.02
1.02
0.99
1.02
1.01
1.06
1.01
1.00
1.04
1.01
1.01
1.03
1.00
1.02
1.02
1.01
1.00
1.01
0.98
1.04
1.04
1.06
1.02
1.03
1.01
1.02
1.02
0.99
1.06
1.00
1.03
1.01
1.05
1.01
1.02
1.04
1.01
1.02
1.02
1.03
1.01
1.02
1.03
1.02
1.01
1.01
1.05
1.03
1.03
1.03
1.01
1.00
1.01
1.06
1.01
1.03
1.04
1.04
1.03
1.05
1.05
1.05
1.06
1.03
1.01
1.03
1.04
1.03
1.01
1.00
1.02
1.01
1.02
1.01
1.05
1.07
1.08
1.04
1.05
1.05
1.03
1.03
1.02
0.99
1.04
1.01
0.99
1.01
1.04
1.03
1.01
1.01
1.04
1.05
1.05
1.03
1.00
0.97
1.03
1.04
1.03
1.00
1.05
1.01
0.99
1.06
1.02
1.00
1.02
1.01
0.97
0.99
1.01
0.99
1.02
1.01
1.02
1.00
1.03
1.06
1.02
1.01
1.02
1.01
1.02
1.00
1.03
1.03
1.04
1.05
1.01
1.01
1.06
1.00
1.02
1.00
1.05
1.03
1.04
1.01
1.04
1.02
1.03
1.00
1.02
1.05
1.00
1.01
1.05
1.01
1.02
1.01
1.04
1.02
1.04
1.05
1.04
1.01
1.02
1.02
1.00
1.06
1.02
1.03
0.99
1.04
1.02
1.03
1.04
1.04
1.00
1.04
1.03
1.03
1.04
1.02
0.98
1.05
1.04
1.02
0.99
1.09
1.01
1.00
1.03
1.01
1.02
1.01
1.03
1.05
1.05
1.07
1.01
1.01
1.05
1.07
1.00
1.05
1.01
1.03
1.02
1.02
1.02
1.04
1.04
1.00
1.01
1.01
0.98
1.06
1.02
1.06
1.01
1.02
1.01
1.02
1.03
1.03
1.00
1.03
1.02
1.00
