10.00
14.80
18.40
21.80
23.35
24.75
26.50
27.60
28.40
29.40
29.95
30.50
31.10
31.70
32.25
32.85
33.20
33.60
33.55
33.75
34.05
34.15
34.25
34.40
34.55
34.60
34.90
35.10
35.10
35.20
35.30
35.35
35.40
35.55
35.50
35.50
35.75
35.70
35.80
35.80
35.80
35.85
35.90
35.95
35.95
36.00
36.00
36.00
36.05
36.15
36.10
36.10
36.15
36.10
36.15
36.20
36.15
36.20
36.25
36.30
36.50
36.40
36.40
36.40
36.40
36.40
36.45
36.40
36.40
36.40
36.40
36.40
36.40
36.40
36.40
36.40
36.40
36.45
36.45
36.45
36.45
36.45
36.45
36.45
36.45
36.45
36.45
36.45
36.45
36.45
36.45
36.45
36.45
36.45
36.45
36.45
36.50
36.45
36.45
36.45
36.45
36.45
36.45
36.45
36.45
36.45
36.45
36.45
36.45
36.45
36.45
36.50
36.50
36.50
36.50
36.55
36.55
36.55
36.55
36.55
36.55
36.55
36.60
36.55
36.55
36.55
36.55
36.55
36.60
36.65
36.65
36.65
36.65
36.65
36.65
36.65
36.65
36.65
36.65
36.65
36.65
36.65
36.65
36.65
36.65
36.65
36.65
36.65
36.65
36.65
36.65
36.65
36.70
36.70
36.70
36.75
36.75
36.75
36.75
36.75
36.75
36.75
36.75
36.80
36.80
36.80
36.80
36.80
36.80
36.80
36.80
36.80
36.80
36.80
36.80
36.80
36.80
36.80
36.80
36.80
36.80
36.80
36.80
36.80
36.80
36.80
36.80
36.80
36.80
36.80
36.80
36.80
36.80
36.80
36.80
36.80
36.80
36.80
36.80
36.80
36.80
36.80
36.80
36.80
36.80
36.80
36.80
36.80
36.80
36.80
36.80
36.80
36.80
36.80
36.80
36.80
36.80
36.80
36.80
36.80
36.80
36.80
36.80
36.80
36.80
36.80
36.80
36.80
36.80
36.80
36.85
36.85
36.85
36.85
36.85
36.90
36.85
36.85
36.85
36.85
36.85
36.85
36.85
36.85
36.85
36.85
36.85
36.85
36.85
36.85
36.85
36.85
36.85
36.85
36.85
36.85
36.85
36.85
36.85
36.85
36.85
36.85
36.85
36.85
36.85
36.85
36.85
36.85
36.85
36.85
36.85
36.85
36.85
36.85
36.85
36.85
36.85
36.85
36.85
36.85
36.85
36.85
36.85
36.85
36.85
36.85
36.85
36.85
36.85
36.85
36.85
36.85
36.85
36.85
36.85
36.85
36.85
36.85
36.85
36.85
36.85
36.85
36.85
36.85
36.85
36.85
36.85
36.85
36.85
36.85
36.85
36.85
36.85
36.85
36.85
36.85
36.85
36.85
36.85
36.85
36.85
36.85
36.85
36.85
36.85
36.85
36.85
36.85
36.85
36.85
36.85
36.85
36.85
36.85
36.85
36.85
36.85
36.85
36.85
36.85
36.85
36.85
36.85
36.85
36.85
36.85
36.85
36.85
36.85
36.85
36.85
36.85
36.85
36.85
36.85
36.85
36.85
36.85
36.85
36.90
36.90
36.90
36.90
36.90
36.90
36.90
36.90
36.90
36.90
36.90
36.90
36.90
36.90
36.90
36.90
36.90
36.90
36.90
36.90
36.90
36.90
36.90
36.90
36.90
36.90
36.90
36.90
36.90
36.90
36.90
36.90
36.90
36.90
36.90
36.90
36.90
36.90
36.90
36.90
36.90
36.90
36.90
36.90
36.90
36.90
36.90
36.90
36.90
36.90
36.90
36.90
36.90
36.85
36.85
36.85
36.85
36.85
36.85
36.85
36.85
36.85
36.85
36.85
36.85
36.85
36.85
36.85
36.85
36.85
36.85
36.85
36.85
36.85
36.85
36.85
36.85
36.85
36.85
36.85
36.85
36.85
36.90
36.90
36.90
36.90
36.90
36.90
36.90
36.90
36.90
36.90
36.90
36.90
36.90
36.90
36.90
36.90
36.90
36.90
36.85
36.85
36.85
36.85
36.85
36.85
36.85
36.85
36.85
36.85
36.85
36.85
36.85
36.85
36.85
36.85
36.90
36.90
36.90
36.90
36.90
36.90
36.90
36.90
36.90
36.90
36.90
36.90
36.90
36.90
36.90
36.90
36.90
36.90
36.90
36.90
36.85
36.90
36.90
36.85
36.85
36.90
36.90
36.90
36.90
36.90
36.90
36.90
36.90
36.90
36.90
36.90
36.90
36.90
36.90
36.90
36.90
36.90
36.90
36.90
36.90
36.90
36.90
36.90
36.90
36.90
36.90
36.90
36.90
36.90
36.90
36.90
36.90
36.90
36.90
36.90
36.90
36.90
36.90
36.90
36.90
36.90
36.90
36.90
36.90
36.90
36.90
36.90
36.90
36.90
36.90
36.90
36.90
36.90
36.90
36.90
36.90
36.90
36.90
36.90
36.90
36.90
36.90
36.90
36.90
36.90
36.90
36.90
36.90
36.90
36.90
36.90
36.90
36.90
36.90
36.90
36.90
36.90
36.90
36.90
36.90
36.90
36.90
36.90
36.90
36.90
36.90
36.90
36.90
36.90
36.90
36.90
36.90
36.90
36.90
36.90
36.90
36.90
36.90
36.90
36.90
36.90
36.90
36.90
36.90
36.90
36.90
36.90
36.90
36.90
36.90
36.90
36.90
36.90
36.90
36.90
36.90
36.90
36.90
36.90
36.90
36.90
36.90
36.90
36.90
36.90
36.90
36.90
36.90
36.90
36.90
36.90
36.90
36.90
36.90
36.90
36.90
36.90
36.90
36.90
36.90
36.90
36.90
36.90
36.90
36.90
36.90
36.90
36.90
36.90
36.90
36.90
36.90
36.90
36.90
36.90
36.90
36.90
36.90
36.90
36.90
36.90
36.90
36.90
36.90
36.90
36.90
36.90
36.90
36.90
36.90
36.90
36.90
36.90
36.90
36.90
36.90
36.90
36.90
36.90
36.90
36.90
36.90
36.90
36.90
36.90
36.90
36.90
36.90
36.90
36.90
36.90
36.90
36.90
36.90
36.90
36.90
36.90
36.90
36.90
36.90
36.90
36.90
36.90
36.90
36.90
36.90
36.90
36.90
36.90
36.90
36.90
36.90
36.90
36.90
36.90
36.90
36.90
36.90
36.90
36.90
36.90
36.90
36.90
36.90
36.90
36.90
36.90
36.90
36.90
36.90
36.90
36.90
36.90
36.90
36.90
36.90
36.90
36.90
36.90
36.90
36.90
36.90
36.90
36.90
36.90
36.90
36.90
36.90
36.90
36.90
36.90
36.90
36.90
36.90
36.90
36.90
36.90
36.90
36.90
36.90
36.90
36.90
36.90
36.90
36.90
36.90
36.90
36.90
36.90
36.90
36.90
36.90
36.90
36.90
36.90
36.90
36.90
36.90
36.90
36.90
36.90
36.90
36.90
36.90
36.90
36.90
36.90
36.90
36.90
36.90
36.90
36.90
36.90
36.90
36.90
36.90
36.90
36.90
36.90
36.90
36.90
36.90
36.90
36.90
36.90
36.90
36.90
36.90
36.90
36.90
36.90
36.90
36.90
36.90
36.90
36.90
36.90
36.90
36.90
36.90
36.90
36.90
36.90
36.90
36.90
36.90
36.90
36.90
36.90
36.90
36.90
36.90
36.90
36.90
36.90
36.90
36.90
36.90
36.90
36.90
36.90
36.90
36.90
36.90
36.90
36.90
36.90
36.90
36.90
36.90
36.90
36.90
36.90
36.90
36.90
36.90
36.90
36.90
36.90
36.90
36.90
36.90
36.90
36.90
36.90
36.90
36.90
36.90
36.90
36.90
36.90
36.90
36.90
36.90
36.90
36.90
36.90
36.90
36.90
36.90
36.90
36.90
36.90
36.90
36.90
36.90
36.90
36.90
36.90
36.90
36.90
36.90
36.90
36.90
36.90
36.90
36.90
36.90
36.90
36.90
36.90
36.90
36.90
36.90
36.90
36.90
36.90
36.90
36.90
36.90
36.90
36.90
36.90
36.90
36.90
36.90
36.90
36.90
36.90
36.90
36.90
36.90
36.90
36.90
36.90
36.90
36.90
36.90
36.90
36.90
36.90
36.90
36.90
36.90
36.90
36.90
36.90
36.90
36.90
36.90
36.90
36.90
36.90
36.90
36.90
36.90
36.90
36.90
36.90
36.90
36.90
36.90
36.90
36.90
36.90
36.90
36.90
36.90
36.90
36.90
36.90
36.90
36.90
36.90
36.90
36.90
36.90
36.90
36.90
36.90
36.90
36.90
36.90
36.90
36.90
36.90
36.90
36.90
36.90
36.90
36.90
36.90
36.90
36.90
36.90
36.90
36.90
36.90
36.90
36.90
36.90
36.90
36.90
36.90
36.90
36.90
36.90
36.90
36.90
36.90
