8.85
13.05
15.65
17.70
19.40
22.10
23.35
25.20
25.70
27.35
28.75
29.55
31.10
31.15
31.50
31.90
32.45
34.30
33.30
34.30
34.10
34.95
36.55
36.80
36.85
37.30
37.35
37.45
36.85
37.80
38.65
38.80
39.15
39.90
40.45
40.05
40.05
41.00
40.90
41.80
41.50
42.45
42.15
43.05
43.75
44.00
43.75
44.15
44.45
44.75
44.10
45.25
45.20
45.70
46.00
45.50
45.75
46.35
45.60
46.80
47.45
48.10
47.85
47.80
48.95
47.10
49.15
48.60
49.25
48.80
50.20
50.30
50.00
50.05
49.05
50.95
50.05
51.00
50.85
50.20
50.40
50.70
50.95
52.10
52.50
52.20
51.95
52.60
52.40
51.80
52.35
52.25
53.90
53.15
54.10
53.15
53.65
52.55
54.60
53.50
53.05
55.40
54.00
55.10
55.40
56.25
55.95
56.75
56.20
55.80
56.35
57.10
56.30
56.55
56.55
56.75
56.40
57.40
56.75
56.75
56.70
56.30
57.05
56.65
58.10
57.95
57.75
57.65
57.80
57.45
58.40
58.10
58.40
59.00
57.15
57.70
58.55
58.75
59.35
60.10
59.10
60.00
59.00
60.15
60.85
60.95
59.90
59.95
58.15
61.15
60.50
60.50
59.70
59.85
60.75
61.55
60.90
61.50
61.45
61.30
60.90
61.35
61.15
62.00
61.05
61.20
61.25
62.70
61.85
61.65
62.70
62.85
62.45
62.90
62.30
63.00
63.70
64.30
63.55
63.40
63.35
62.10
63.50
63.25
64.80
63.50
63.70
63.70
64.70
64.05
63.15
63.40
64.95
63.90
63.80
64.55
63.80
64.85
65.30
64.65
64.00
63.90
64.50
64.70
63.70
64.80
64.80
65.40
65.30
64.55
66.05
64.95
65.00
65.95
66.05
65.60
65.10
64.85
65.75
66.15
64.65
64.85
65.55
64.75
64.95
66.25
66.25
66.85
66.50
65.65
66.55
66.25
65.70
65.55
65.90
65.80
66.80
66.10
66.75
66.15
67.95
66.30
67.30
66.50
66.55
67.25
67.50
66.55
66.60
66.40
67.45
67.05
67.85
68.40
67.55
67.65
67.90
68.15
67.05
68.55
68.00
69.20
68.50
68.20
68.15
68.20
67.70
68.20
69.30
68.15
69.10
67.30
68.75
68.20
67.70
69.50
68.95
68.10
68.65
68.50
68.40
70.00
68.75
69.50
69.15
69.15
68.80
70.20
68.50
69.85
68.20
69.75
69.85
68.90
69.70
69.20
69.50
70.15
69.70
68.80
69.95
69.65
70.55
68.80
69.75
70.25
69.70
69.70
70.55
70.20
69.65
70.25
70.05
70.30
70.95
69.25
70.90
70.70
69.90
69.75
70.40
69.60
70.50
70.25
70.65
70.65
70.25
70.80
71.20
71.75
71.65
70.55
71.40
70.40
71.45
71.55
71.40
72.20
72.05
71.90
72.15
72.30
71.80
70.90
71.15
71.05
72.50
70.90
71.55
72.15
72.25
71.05
72.80
72.85
72.35
72.55
72.75
72.15
72.30
72.50
71.80
72.90
72.95
73.10
73.40
71.85
72.25
71.90
73.15
72.70
72.35
72.30
71.15
73.00
72.45
73.25
72.90
72.95
71.95
73.50
73.05
73.05
73.80
73.10
73.30
72.45
73.90
72.80
73.60
73.15
73.00
73.60
72.75
73.65
73.40
73.65
73.90
74.20
74.45
73.25
73.20
74.60
73.75
73.95
73.65
73.55
73.90
72.95
72.55
72.75
74.05
74.05
73.35
74.40
74.90
75.50
72.10
73.30
74.70
73.55
73.65
73.85
74.90
74.15
74.05
73.50
73.95
74.95
72.80
75.50
73.90
74.30
74.20
74.25
75.25
75.35
74.35
75.50
74.10
73.80
74.85
75.15
74.95
74.30
73.85
75.25
75.95
74.35
74.25
75.45
74.85
74.65
74.70
74.20
75.50
75.35
75.70
76.20
75.85
75.10
73.95
74.05
74.85
75.15
74.60
74.35
74.60
75.00
74.15
75.45
75.15
75.00
74.90
75.55
73.90
74.35
75.50
76.00
75.25
75.15
74.85
75.95
75.25
74.85
75.60
74.70
76.70
75.35
75.45
74.90
76.20
74.50
75.10
75.65
75.45
75.15
74.50
74.75
74.35
74.20
73.95
75.45
74.05
75.50
75.55
75.10
74.95
75.85
75.85
75.45
75.35
75.95
75.00
74.55
75.15
74.80
74.65
75.95
75.85
75.80
75.50
75.10
75.85
75.35
74.60
75.60
75.25
76.00
76.95
75.30
76.25
76.10
76.15
75.45
75.20
76.95
76.20
74.60
75.65
75.55
75.05
76.25
75.35
75.35
75.45
74.75
75.00
75.05
76.20
74.95
75.20
75.65
76.55
75.00
77.10
76.05
76.20
75.55
75.45
75.40
75.50
76.00
75.35
76.55
76.15
75.70
75.50
74.85
76.15
75.85
75.85
75.30
76.30
75.75
76.45
75.20
75.95
77.40
75.65
75.70
76.60
77.00
75.75
76.55
74.85
75.60
76.25
76.20
75.60
76.30
76.85
76.20
76.35
75.70
75.20
76.70
76.30
76.30
75.90
75.95
76.75
76.45
75.90
76.60
76.50
76.35
77.30
77.20
76.45
76.20
76.75
76.75
75.75
76.65
76.75
76.85
77.10
76.20
75.55
76.30
75.40
76.05
76.50
77.45
75.75
76.20
76.50
76.25
76.65
75.95
77.20
76.95
76.20
76.55
76.65
77.90
75.30
76.55
76.50
76.10
77.15
76.35
76.45
76.00
77.25
75.55
74.90
76.40
77.05
75.85
77.00
75.85
76.70
75.90
77.15
77.40
77.10
76.60
77.25
77.00
76.90
77.45
77.65
76.90
76.20
77.85
75.95
77.15
76.70
77.65
77.95
77.50
77.45
77.05
76.35
77.95
76.25
76.40
77.65
78.00
76.50
77.10
76.40
77.35
76.90
77.50
77.55
77.40
76.40
78.10
77.20
77.45
76.90
77.05
76.85
77.50
77.35
77.10
78.25
77.85
77.30
78.25
77.35
77.90
77.35
77.80
76.85
77.20
77.05
77.60
77.95
77.90
78.55
77.75
77.40
78.05
77.25
77.30
77.90
77.65
78.10
78.25
77.80
77.65
78.35
78.25
78.30
77.50
77.35
78.15
78.70
77.55
77.55
77.00
76.65
77.45
75.65
77.70
78.50
77.55
76.20
78.35
78.05
78.35
77.90
78.45
77.40
77.55
78.65
77.35
77.50
77.10
78.15
77.35
78.45
78.80
76.65
77.70
77.90
78.60
77.45
77.90
78.35
77.85
77.20
78.30
77.15
78.40
76.75
79.30
78.45
78.65
77.30
78.00
77.40
78.65
77.05
77.55
77.45
78.80
78.10
78.15
77.05
78.70
78.75
79.15
78.90
78.60
79.15
78.75
78.15
77.70
78.60
78.00
76.95
77.15
79.15
79.25
77.70
78.10
78.40
78.85
77.85
78.10
78.50
78.85
78.45
78.00
79.35
78.85
78.20
78.75
78.50
78.90
77.85
78.35
77.95
78.35
78.25
78.05
78.25
78.05
78.50
78.95
78.90
78.50
78.35
77.30
77.65
77.85
77.15
77.30
78.65
78.05
78.10
78.20
78.85
78.45
78.85
78.30
78.40
79.20
79.35
78.70
78.95
78.35
78.35
78.90
79.05
79.20
78.65
79.30
78.00
79.25
78.90
78.25
79.15
78.35
78.80
79.20
77.60
78.75
78.85
78.45
79.50
78.60
78.85
79.90
78.15
78.55
79.70
80.20
79.70
79.55
78.20
79.00
79.20
80.55
78.90
79.50
78.60
79.00
78.75
77.95
80.65
79.05
79.70
78.55
78.90
79.15
80.95
78.30
79.50
79.65
79.55
80.10
79.65
80.10
79.40
79.00
78.25
79.05
79.85
79.85
79.35
79.65
79.35
79.80
79.25
78.85
79.60
78.65
79.00
79.10
79.25
80.15
79.75
78.90
79.10
79.50
79.50
79.40
79.20
79.60
80.30
79.50
79.55
80.65
79.70
79.05
79.85
78.95
79.15
79.30
79.15
80.30
79.70
80.90
78.65
79.65
80.10
79.00
79.95
79.10
79.45
79.55
80.20
79.15
79.05
79.40
80.20
79.65
79.25
80.45
80.20
79.35
78.75
78.95
79.85
79.50
79.00
79.75
80.75
80.35
79.55
78.80
78.55
79.30
79.90
80.05
80.20
79.90
79.65
79.85
79.50
79.60
80.15
79.80
79.15
79.70
80.20
80.00
80.20
78.95
79.95
79.90
78.95
79.75
79.30
79.85
80.20
79.55
78.95
78.75
80.30
78.75
79.75
79.80
79.40
79.55
