9.40
14.90
17.80
20.65
22.10
24.15
25.40
27.15
28.20
29.30
29.95
30.60
30.90
31.25
31.80
32.15
32.55
32.75
33.05
33.15
33.20
33.60
33.50
34.15
34.10
34.25
34.60
34.80
34.90
35.00
35.05
35.10
35.10
35.55
35.60
35.75
35.65
35.65
35.65
35.65
36.00
35.95
35.65
35.55
36.15
36.25
36.10
36.40
36.25
36.30
36.15
36.55
36.30
36.55
36.45
36.25
36.60
36.65
36.70
36.55
36.65
36.70
36.80
37.00
37.10
37.20
37.25
36.75
37.45
37.40
37.25
37.15
37.30
37.30
37.40
37.95
37.50
37.80
37.65
37.60
37.90
37.65
38.00
38.15
38.00
37.95
38.10
38.50
38.15
38.50
38.50
38.50
38.20
38.35
38.60
38.60
38.80
38.70
38.70
38.85
38.75
38.55
38.60
38.65
38.85
38.95
39.35
39.25
39.15
39.40
39.30
39.40
39.40
39.25
39.20
39.35
39.35
39.50
39.40
39.75
39.65
39.25
39.60
39.50
39.55
39.55
39.85
39.80
39.70
39.75
39.60
39.75
39.90
39.60
39.85
40.15
39.80
39.95
40.10
40.00
40.35
40.15
40.10
39.95
39.95
40.10
40.30
40.10
40.25
40.35
40.15
40.25
40.25
40.10
40.40
40.35
40.55
40.70
40.65
40.30
40.05
40.80
40.70
40.55
40.75
40.95
40.95
40.60
40.95
40.90
41.10
41.30
41.25
41.10
41.20
41.10
41.00
41.35
41.20
41.00
40.95
41.35
41.40
41.35
41.25
41.25
41.45
41.45
41.40
41.45
41.25
41.60
41.35
41.75
41.70
41.70
41.75
41.65
41.80
41.95
42.00
41.90
42.05
42.05
42.20
41.90
42.15
42.10
41.95
42.30
42.45
42.05
42.35
42.30
42.35
42.55
42.70
42.65
42.90
42.85
42.65
42.95
42.95
43.15
42.80
42.80
43.00
43.10
42.95
43.20
42.95
42.90
43.25
43.20
43.05
43.15
43.15
43.25
43.05
42.95
43.15
43.00
43.10
43.15
43.05
43.25
43.40
43.50
43.45
43.40
43.60
43.65
43.70
43.90
43.85
43.75
43.85
43.75
43.70
43.95
43.45
43.80
43.55
43.70
43.55
43.75
43.70
43.55
43.85
43.90
44.00
43.75
43.90
44.10
43.95
44.10
43.95
44.15
43.90
43.80
43.95
44.15
44.10
43.90
44.10
44.05
44.15
44.30
44.30
44.30
44.75
44.35
44.75
44.35
44.65
44.65
44.80
44.65
44.35
44.65
44.75
45.10
44.95
44.90
44.95
44.90
45.00
44.90
44.90
45.05
45.00
44.95
45.10
45.20
45.35
45.15
45.20
45.05
45.15
45.30
45.45
45.45
45.25
45.35
45.35
45.40
45.15
45.35
45.60
45.55
45.50
45.85
45.70
45.55
45.65
46.05
45.75
45.55
45.60
45.45
45.75
45.80
45.90
45.75
45.80
45.65
45.70
45.70
45.65
45.40
45.85
46.15
46.15
45.70
46.00
46.00
46.10
45.60
45.85
45.90
46.05
45.90
46.20
46.00
46.25
45.90
46.10
46.25
46.05
46.05
46.35
46.25
46.05
46.10
46.30
46.35
45.75
46.15
46.30
46.40
46.20
46.65
46.50
46.75
46.85
46.45
46.70
46.70
46.55
46.60
46.75
46.65
46.85
46.80
46.75
46.75
46.70
47.25
46.95
47.15
47.00
47.25
47.10
47.50
47.30
47.15
47.05
47.40
47.05
47.50
47.25
47.50
47.40
47.60
47.30
47.60
47.50
47.35
47.40
47.35
47.25
47.55
47.50
47.60
47.45
47.30
47.40
47.30
47.55
47.65
47.55
47.55
47.55
47.75
47.55
47.55
47.50
47.40
47.70
47.65
47.80
47.70
47.60
47.55
47.75
47.70
47.75
47.65
47.60
48.00
47.90
48.05
48.00
47.85
48.15
47.75
48.20
48.25
48.05
48.05
48.35
47.95
48.20
48.00
48.30
48.00
48.20
48.25
48.45
48.45
48.60
48.70
48.80
48.90
48.85
48.65
48.75
48.95
48.55
49.05
48.75
48.75
48.95
49.10
48.85
49.10
49.05
48.90
48.95
48.85
49.00
48.95
49.05
49.20
49.25
49.40
49.35
49.15
49.15
49.35
48.90
49.05
48.85
49.05
49.00
49.25
49.45
49.55
49.55
49.25
49.65
49.50
49.90
49.45
50.20
50.00
49.85
50.25
49.95
49.95
50.10
49.95
50.05
49.80
50.05
50.00
50.00
50.05
50.05
50.15
50.00
50.20
50.20
50.25
50.20
50.30
50.50
50.55
50.40
50.40
50.20
50.40
50.50
50.30
50.50
50.45
50.95
50.75
50.45
50.60
50.80
50.70
50.55
50.55
50.80
50.25
50.65
50.90
50.70
50.70
50.75
50.85
50.60
50.90
50.95
50.65
50.80
50.75
50.75
50.90
50.65
50.90
51.10
51.10
50.80
50.95
51.15
50.90
51.10
50.90
51.10
51.05
51.20
51.40
50.85
51.10
51.05
51.05
51.40
51.45
51.10
51.60
51.50
51.25
51.25
51.55
51.40
51.55
51.75
51.90
51.45
51.75
51.60
51.80
51.75
52.00
51.75
51.95
51.65
51.70
51.90
52.05
51.85
51.55
51.55
51.90
51.90
52.05
51.80
52.05
52.05
52.20
51.95
52.00
52.10
52.30
51.90
52.20
52.00
52.25
52.25
52.05
52.25
52.35
52.25
52.45
52.65
52.65
52.15
52.55
52.35
52.35
52.50
52.20
52.30
52.20
52.80
52.90
52.90
52.95
53.10
53.30
53.40
53.15
53.00
53.15
53.30
52.75
53.10
53.30
53.15
53.10
53.05
53.30
53.15
53.45
53.20
53.30
53.20
53.35
53.55
53.55
53.35
53.50
53.70
53.70
53.65
53.70
53.35
53.55
53.40
53.60
53.35
53.65
53.65
53.80
53.60
53.85
53.90
53.40
53.45
54.30
54.10
53.90
54.20
54.00
54.45
54.30
53.95
54.20
54.10
54.30
53.95
54.20
54.15
54.25
54.30
54.45
54.35
54.50
54.50
54.50
54.60
54.65
54.50
54.60
54.50
54.50
54.40
54.65
54.35
54.50
54.80
54.30
54.50
54.60
54.65
54.75
54.50
54.45
54.95
54.65
54.45
54.65
54.90
54.80
54.65
54.60
54.85
54.90
54.50
54.80
54.75
55.05
55.10
55.10
55.35
54.95
55.15
55.20
55.15
55.25
55.25
55.20
55.35
55.25
55.05
55.20
55.60
55.10
55.35
55.20
55.20
55.15
55.55
55.20
55.40
55.45
55.25
55.05
55.35
55.35
55.30
55.15
55.15
54.95
55.15
55.60
55.35
55.55
55.50
55.70
55.60
55.30
55.10
55.20
55.55
55.40
55.35
55.60
55.70
55.45
55.85
55.40
55.75
55.70
55.80
55.65
55.90
55.85
56.00
56.20
56.00
55.90
55.45
55.85
55.90
55.75
55.90
55.80
55.85
55.65
55.85
56.20
55.95
56.20
56.05
56.20
56.40
56.30
56.35
56.20
56.50
56.40
56.50
56.40
56.30
56.25
56.40
56.45
56.30
56.15
56.35
56.00
56.30
56.45
56.40
56.65
56.55
56.35
56.85
56.75
56.90
56.70
56.50
56.50
56.45
56.75
56.75
56.80
56.55
56.65
56.80
56.50
56.70
56.65
56.90
56.85
56.65
56.80
56.85
56.65
56.65
56.80
56.95
56.90
57.10
56.95
56.80
57.10
56.55
57.30
56.90
57.00
57.05
57.15
56.75
57.00
57.40
57.15
57.10
57.20
57.10
56.95
57.10
56.85
57.15
57.25
57.25
57.40
57.30
57.55
57.75
57.35
57.60
57.30
57.75
57.40
57.30
57.55
57.50
57.65
57.50
57.45
57.45
57.70
57.95
57.85
57.20
57.80
58.10
58.25
58.10
57.90
57.95
57.55
58.05
58.05
58.10
57.85
58.20
57.85
57.90
57.65
58.10
58.05
57.95
57.90
57.85
58.05
57.85
58.15
58.15
58.30
58.05
57.85
58.40
58.50
58.30
58.20
58.25
58.15
58.65
58.65
58.50
58.35
58.55
58.30
58.75
58.90
58.30
58.50
58.45
58.25
58.20
58.50
58.65
58.75
58.60
58.75
58.85
58.80
58.85
58.70
58.60
58.65
58.80
58.60
58.75
58.90
58.80
58.45
59.10
58.95
58.75
58.90
58.85
59.00
58.95
59.05
58.90
58.95
59.15
59.05
59.00
58.90
59.05
58.90
59.35
59.10
59.05
59.25
59.05
59.10
59.35
58.90
59.30
59.55
59.45
59.30
