-0.04
0.27
0.37
0.55
0.62
0.64
0.75
0.77
0.82
0.86
0.83
0.87
0.90
0.92
0.91
0.95
0.93
0.95
0.97
0.96
0.97
0.94
0.91
0.99
0.97
1.01
0.99
0.96
1.02
0.98
0.95
1.00
1.00
0.99
1.00
1.02
1.01
0.98
0.99
1.01
1.04
1.03
1.05
1.04
1.04
1.04
1.02
1.07
1.02
1.07
1.07
1.06
1.02
1.04
1.03
1.06
1.04
1.01
1.06
1.04
1.03
1.02
1.05
1.04
1.01
1.05
1.04
1.02
1.06
1.05
1.04
1.03
1.04
1.06
1.03
1.01
1.04
1.07
1.07
1.04
1.07
1.03
1.04
1.09
1.08
1.09
1.07
1.07
1.06
1.05
1.03
1.05
1.06
1.07
1.03
1.07
1.09
1.06
1.10
1.04
1.06
1.07
1.08
1.08
1.09
1.09
1.03
1.05
1.14
1.09
1.06
1.03
1.05
1.08
1.06
1.08
1.05
1.07
1.07
1.08
1.08
1.07
1.07
1.06
1.10
1.09
1.10
1.07
1.08
1.08
1.06
1.06
1.09
1.09
1.07
1.11
1.08
1.04
1.10
1.05
1.08
1.13
1.09
1.11
1.09
1.12
1.06
1.12
1.09
1.10
1.09
1.09
1.05
1.10
1.10
1.12
1.07
1.08
1.10
1.12
1.09
1.13
1.12
1.09
1.11
1.11
1.10
1.09
1.10
1.13
1.14
1.07
1.12
1.10
1.10
1.11
1.10
1.10
1.10
1.16
1.10
1.11
1.09
1.12
1.10
1.12
1.12
1.12
1.12
1.12
1.13
1.11
1.08
1.16
1.10
1.13
1.16
1.11
1.13
1.18
1.09
1.09
1.16
1.14
1.09
1.13
1.11
1.09
1.11
1.15
1.13
1.15
1.11
1.11
1.11
1.12
1.14
1.15
1.12
1.12
1.12
1.13
1.16
1.09
1.14
1.13
1.15
1.19
1.10
1.15
1.15
1.15
1.13
1.11
1.14
1.14
1.15
1.13
1.13
1.11
1.12
1.14
1.12
1.09
1.17
1.18
1.14
1.16
1.18
1.14
1.13
1.15
1.11
1.09
1.13
1.15
1.10
1.14
1.15
1.12
1.12
1.15
1.14
1.18
1.15
1.19
1.14
1.19
1.14
1.13
1.12
1.15
1.14
1.14
1.16
1.18
1.17
1.14
1.18
1.13
1.17
1.12
1.14
1.13
1.18
1.14
1.11
1.18
1.12
1.18
1.18
1.20
1.16
1.15
1.14
1.15
1.15
1.14
1.16
1.16
1.17
1.17
1.16
1.14
1.17
1.16
1.18
1.18
1.20
1.16
1.21
1.17
1.20
1.15
1.15
1.19
1.13
1.18
1.14
1.16
1.18
1.16
1.17
1.17
1.17
1.18
1.16
1.17
1.17
1.18
1.18
1.19
1.14
1.17
1.14
1.19
1.17
1.14
1.20
1.18
1.16
1.19
1.18
1.19
1.18
1.16
1.18
1.16
1.17
1.19
1.20
1.17
1.17
1.17
1.16
1.19
1.20
1.20
1.18
1.18
1.20
1.21
1.16
1.19
1.17
1.20
1.19
1.18
1.20
1.17
1.17
1.17
1.18
1.22
1.18
1.20
1.18
1.20
1.20
1.20
1.17
1.20
1.21
1.21
1.23
1.20
1.21
1.19
1.17
1.18
1.20
1.20
1.16
1.20
1.18
1.19
1.19
1.20
1.18
1.17
1.20
1.26
1.18
1.19
1.22
1.19
1.18
1.17
1.20
1.23
1.21
1.13
1.21
1.19
1.19
1.20
1.21
1.19
1.20
1.16
1.18
1.18
1.17
1.15
1.16
1.18
1.22
1.24
1.23
1.20
1.24
1.17
1.21
1.18
1.20
1.22
1.27
1.20
1.26
1.22
1.22
1.20
1.24
1.20
1.20
1.18
1.21
1.19
1.22
1.24
1.24
1.22
1.19
1.18
1.18
1.20
1.23
1.17
1.23
1.18
1.20
1.19
1.21
1.20
1.19
1.24
1.21
1.21
1.21
1.20
1.22
1.24
1.23
1.24
1.24
1.18
1.22
1.24
1.25
1.23
1.22
1.22
1.19
1.21
1.19
1.21
1.21
1.20
1.22
1.18
1.28
1.19
1.20
1.26
1.18
1.17
1.17
1.22
1.23
1.22
1.21
1.19
1.21
1.19
1.22
1.18
1.23
1.17
1.21
1.22
1.24
1.23
1.20
1.25
1.27
1.19
1.27
1.24
1.23
1.22
1.24
1.26
1.25
1.27
1.23
1.24
1.19
1.21
1.23
1.21
1.21
1.27
1.24
1.21
1.20
1.25
1.25
1.25
1.22
1.22
1.23
1.22
1.24
1.25
1.26
1.22
1.24
1.22
1.24
1.23
1.21
1.23
1.20
1.28
1.24
1.23
1.24
1.26
1.24
1.28
1.24
1.24
1.25
1.23
1.23
1.25
1.28
1.28
1.25
1.22
1.22
1.22
1.22
1.24
1.25
1.24
1.24
1.23
1.25
1.26
1.27
1.25
1.28
1.28
1.27
1.26
1.23
1.27
1.27
1.23
1.24
1.28
1.26
1.24
1.25
1.25
1.26
1.28
1.30
1.28
1.24
1.23
1.29
1.28
1.30
1.27
1.26
1.24
1.21
1.24
1.23
1.25
1.24
1.26
1.26
1.20
1.31
1.25
1.31
1.26
1.30
1.27
1.22
1.26
1.26
1.26
1.24
1.25
1.22
1.27
1.26
1.25
1.27
1.26
1.24
1.20
1.28
1.26
1.27
1.28
1.25
1.26
1.25
1.21
1.22
1.27
1.27
1.29
1.26
1.27
1.27
1.28
1.25
1.31
1.27
1.29
1.31
1.27
1.26
1.27
1.26
1.30
1.32
1.31
1.25
1.26
1.24
1.26
1.27
1.30
1.24
1.28
1.29
1.28
1.26
1.27
1.30
1.25
1.29
1.29
1.28
1.26
1.30
1.28
1.28
1.24
1.30
1.28
1.35
1.23
1.26
1.28
1.31
1.27
1.30
1.31
1.31
1.30
1.29
1.31
1.29
1.28
1.28
1.27
1.25
1.28
1.31
1.30
1.28
1.30
1.25
1.30
1.27
1.31
1.26
1.28
1.28
1.29
1.31
1.29
1.30
1.31
1.31
1.30
1.24
1.25
1.32
1.29
1.26
1.25
1.24
1.27
1.31
1.28
1.26
1.26
1.29
1.30
1.26
1.25
1.28
1.31
1.28
1.29
1.33
1.27
1.29
1.35
1.26
1.29
1.29
1.25
1.29
1.33
1.26
1.30
1.27
1.24
1.26
1.28
1.29
1.33
1.29
1.30
1.30
1.31
1.31
1.30
1.29
1.28
1.28
1.33
1.27
1.33
1.30
1.25
1.28
1.29
1.27
1.26
1.32
1.30
1.28
1.32
1.31
1.29
1.27
1.32
1.29
1.28
1.31
1.33
1.27
1.31
1.31
1.30
1.28
1.30
1.30
1.32
1.32
1.28
1.31
1.31
1.29
1.31
1.27
1.29
1.30
1.32
1.32
1.33
1.28
1.28
1.29
1.29
1.28
1.28
1.27
1.26
1.31
1.26
1.28
1.29
1.30
1.30
1.26
1.29
1.31
1.31
1.32
1.29
1.29
1.31
1.31
1.29
1.29
1.28
1.33
1.25
1.28
1.28
1.30
1.33
1.31
1.33
1.28
1.32
1.31
1.35
1.30
1.31
1.31
1.29
1.31
1.29
1.27
1.25
1.30
1.32
1.28
1.31
1.27
1.32
1.26
1.32
1.34
1.31
1.35
1.30
1.31
1.33
1.31
1.29
1.34
1.34
1.29
1.31
1.29
1.28
1.33
1.32
1.33
1.31
1.31
1.29
1.30
1.30
1.29
1.31
1.33
1.32
1.30
1.28
1.32
1.27
1.33
1.32
1.30
1.34
1.33
1.30
1.32
1.36
1.34
1.32
1.33
1.32
1.34
1.33
1.34
1.31
1.30
1.30
1.34
1.34
1.32
1.37
1.35
1.35
1.31
1.31
1.31
1.32
1.31
1.29
1.29
1.29
1.27
1.34
1.32
1.34
1.30
1.30
1.33
1.33
1.31
1.27
1.32
1.31
1.32
1.33
1.32
1.31
1.34
1.28
1.31
1.33
1.31
1.37
1.30
1.34
1.33
1.28
1.27
1.31
1.34
1.33
1.32
1.33
1.33
1.31
1.30
1.32
1.28
1.33
1.31
1.35
1.35
1.32
1.34
1.30
1.29
1.29
1.31
1.32
1.32
1.32
1.31
1.37
1.31
1.30
1.28
1.27
1.31
1.31
1.35
1.35
1.31
1.31
1.30
1.34
1.29
1.31
1.33
1.32
1.38
1.31
1.30
1.34
