-0.04
0.27
0.39
0.48
0.55
0.64
0.66
0.73
0.74
0.75
0.78
0.85
0.86
0.85
0.85
0.89
0.83
0.95
0.88
0.93
0.94
0.94
0.93
0.96
0.94
0.96
0.92
0.96
0.95
0.95
0.96
1.00
1.01
1.00
1.02
1.02
0.96
0.98
0.98
1.05
1.04
1.05
1.01
1.04
1.06
1.07
1.05
1.06
1.05
1.09
1.07
1.10
1.07
1.10
1.12
1.09
1.09
1.08
1.07
1.10
1.09
1.08
1.10
1.13
1.12
1.11
1.13
1.10
1.14
1.11
1.19
1.12
1.09
1.15
1.11
1.15
1.14
1.16
1.12
1.14
1.16
1.16
1.14
1.17
1.16
1.15
1.19
1.18
1.17
1.19
1.19
1.12
1.15
1.24
1.22
1.18
1.19
1.17
1.19
1.17
1.15
1.22
1.19
1.17
1.22
1.20
1.17
1.18
1.24
1.22
1.17
1.23
1.18
1.18
1.19
1.21
1.19
1.22
1.24
1.19
1.20
1.17
1.20
1.18
1.21
1.22
1.19
1.17
1.19
1.20
1.24
1.25
1.24
1.27
1.19
1.20
1.22
1.21
1.25
1.21
1.25
1.26
1.25
1.25
1.25
1.28
1.22
1.24
1.22
1.28
1.22
1.29
1.21
1.24
1.23
1.23
1.28
1.27
1.28
1.22
1.20
1.32
1.23
1.31
1.22
1.25
1.23
1.27
1.25
1.27
1.28
1.24
1.24
1.24
1.26
1.23
1.26
1.27
1.23
1.26
1.32
1.25
1.28
1.27
1.30
1.26
1.34
1.26
1.28
1.26
1.25
1.26
1.30
1.27
1.28
1.29
1.26
1.30
1.31
1.23
1.28
1.24
1.29
1.27
1.25
1.27
1.29
1.28
1.28
1.24
1.25
1.28
1.26
1.30
1.32
1.30
1.25
1.28
1.27
1.25
1.30
1.28
1.26
1.25
1.26
1.28
1.24
1.30
1.29
1.26
1.29
1.28
1.29
1.26
1.24
1.30
1.28
1.25
1.28
1.28
1.32
1.30
1.30
1.26
1.26
1.29
1.30
1.28
1.34
1.26
1.30
1.27
1.28
1.28
1.28
1.32
1.29
1.29
1.26
1.30
1.32
1.32
1.31
1.26
1.32
1.30
1.27
1.32
1.28
1.29
1.29
1.30
1.29
1.28
1.26
1.35
1.32
1.28
1.25
1.31
1.30
1.31
1.35
1.32
1.32
1.33
1.33
1.31
1.30
1.31
1.24
1.30
1.33
1.34
1.33
1.28
1.30
1.31
1.31
1.31
1.32
1.34
1.33
1.25
1.31
1.31
1.36
1.27
1.32
1.31
1.28
1.29
1.26
1.32
1.31
1.31
1.28
1.37
1.31
1.29
1.37
1.30
1.32
1.33
1.31
1.33
1.28
1.27
1.33
1.37
1.35
1.30
1.28
1.29
1.32
1.37
1.32
1.34
1.35
1.35
1.34
1.37
1.27
1.31
1.34
1.29
1.36
1.29
1.32
1.31
1.31
1.33
1.36
1.35
1.30
1.35
1.33
1.35
1.32
1.29
1.33
1.35
1.33
1.36
1.34
1.28
1.31
1.30
1.32
1.35
1.32
1.34
1.26
1.34
1.31
1.34
1.35
1.34
1.30
1.32
1.34
1.33
1.35
1.33
1.32
1.35
1.31
1.31
1.37
1.37
1.29
1.33
1.33
1.33
1.35
1.38
1.35
1.31
1.34
1.33
1.35
1.38
1.32
1.33
1.36
1.31
1.34
1.30
1.35
1.34
1.34
1.30
1.30
1.34
1.31
1.35
1.29
1.31
1.34
1.30
1.34
1.32
1.38
1.32
1.32
1.30
1.34
1.33
1.36
1.37
1.35
1.31
1.26
1.32
1.35
1.35
1.32
1.36
1.36
1.31
1.33
1.35
1.35
1.35
1.35
1.38
1.37
1.32
1.39
1.36
1.35
1.35
1.33
1.34
1.35
1.34
1.30
1.39
1.32
1.37
1.31
1.29
1.32
1.36
1.34
1.34
1.36
1.34
1.31
1.33
1.33
1.35
1.36
1.37
1.31
1.33
1.30
1.32
1.36
1.33
1.35
1.31
1.32
1.31
1.34
1.34
1.39
1.28
1.36
1.33
1.35
1.29
1.35
1.34
1.35
1.34
1.35
1.37
1.32
1.32
1.30
1.36
1.33
1.40
1.37
1.32
1.35
1.32
1.32
1.38
1.34
1.33
1.33
1.32
1.32
1.31
1.33
1.32
1.32
1.35
1.40
1.35
1.35
1.35
1.35
1.36
1.32
1.33
1.37
1.35
1.39
1.33
1.31
1.31
1.34
1.34
1.36
1.33
1.31
1.34
1.37
1.37
1.30
1.33
1.35
1.32
1.34
1.28
1.34
1.33
1.36
1.30
1.36
1.32
1.36
1.35
1.34
1.33
1.36
1.32
1.35
1.35
1.30
1.40
1.35
1.37
1.29
1.35
1.33
1.40
1.31
1.37
1.34
1.34
1.36
1.34
1.33
1.34
1.36
1.36
1.42
1.37
1.33
1.34
1.31
1.31
1.37
1.38
1.33
1.33
1.34
1.34
1.36
1.36
1.34
1.31
1.33
1.35
1.36
1.30
1.36
1.32
1.33
1.35
1.32
1.33
1.38
1.37
1.34
1.35
1.31
1.34
1.34
1.38
1.37
1.33
1.35
1.36
1.36
1.31
1.28
1.33
1.37
1.43
1.33
1.33
1.38
1.36
1.35
1.37
1.34
1.37
1.32
1.35
1.35
1.36
1.34
1.33
1.30
1.34
1.39
1.35
1.35
1.35
1.34
1.33
1.32
1.34
1.35
1.29
1.36
1.34
1.35
1.31
1.37
1.36
1.35
1.32
1.34
1.37
1.34
1.34
1.35
1.39
1.37
1.36
1.31
1.36
1.34
1.37
1.34
1.36
1.35
1.33
1.35
1.36
1.37
1.31
1.34
1.36
1.38
1.32
1.34
1.34
1.37
1.36
1.36
1.33
1.31
1.35
1.36
1.40
1.32
1.36
1.29
1.38
1.35
1.39
1.35
1.35
1.39
1.38
1.37
1.35
1.36
1.36
1.34
1.38
1.33
1.37
1.39
1.32
1.39
1.34
1.31
1.38
1.30
1.34
1.36
1.38
1.34
1.34
1.33
1.37
1.37
1.37
1.32
1.36
1.39
1.37
1.40
1.35
1.34
1.36
1.36
1.31
1.29
1.32
1.38
1.31
1.35
1.38
1.37
1.34
1.33
1.36
1.36
1.33
1.36
1.35
1.37
1.35
1.37
1.32
1.39
1.34
1.34
1.38
1.36
1.33
1.34
1.35
1.36
1.35
1.35
1.40
1.33
1.34
1.33
1.36
1.40
1.32
1.35
1.33
1.38
1.34
1.34
1.33
1.33
1.37
1.33
1.36
1.34
1.36
1.37
1.37
1.35
1.36
1.38
1.36
1.39
1.34
1.38
1.36
1.37
1.33
1.36
1.37
1.36
1.37
1.39
1.34
1.31
1.32
1.37
1.37
1.37
1.31
1.35
1.38
1.33
1.36
1.36
1.38
1.33
1.38
1.36
1.33
1.37
1.34
1.37
1.35
1.34
1.36
1.31
1.33
1.39
1.33
1.34
1.33
1.32
1.33
1.32
1.32
1.33
1.35
1.35
1.37
1.34
1.33
1.37
1.38
1.40
1.36
1.36
1.32
1.38
1.39
1.37
1.35
1.35
1.34
1.38
1.39
1.38
1.33
1.33
1.37
1.38
1.38
1.32
1.38
1.35
1.33
1.34
1.33
1.37
1.38
1.32
1.33
1.35
1.38
1.37
1.40
1.35
1.37
1.33
1.39
1.36
1.39
1.33
1.37
1.31
1.33
1.38
1.39
1.36
1.30
1.35
1.32
1.38
1.38
1.37
1.36
1.39
1.28
1.39
1.39
1.37
1.40
1.33
1.34
1.36
1.38
1.37
1.34
1.36
1.37
1.37
1.35
1.35
1.33
1.35
1.31
1.37
1.35
1.33
1.36
1.38
1.36
1.36
1.32
1.35
1.38
1.38
1.36
1.36
1.36
1.39
1.33
1.40
1.40
1.40
1.34
1.36
1.36
1.37
1.39
1.33
1.34
1.35
1.37
1.36
1.32
1.36
1.39
1.42
1.33
1.32
1.34
1.38
1.31
1.37
1.37
1.38
1.33
1.36
1.33
1.39
1.35
1.28
1.36
1.37
1.39
1.36
1.31
1.36
1.38
1.37
1.36
1.36
1.33
1.37
1.32
1.33
1.37
1.34
1.33
1.33
1.35
1.37
1.34
1.35
1.33
1.34
1.34
1.33
1.37
1.36
1.38
1.40
1.38
1.35
1.34
1.37
1.38
1.38
1.35
1.34
1.35
