-0.03
0.26
0.38
0.53
0.59
0.67
0.73
0.73
0.80
0.83
0.83
0.88
0.90
0.90
0.89
0.92
0.86
0.90
0.92
0.94
0.89
0.93
0.99
0.93
0.98
0.97
0.99
0.97
0.92
0.96
0.96
0.95
0.96
1.00
0.95
0.99
0.95
0.98
0.94
0.97
0.97
0.96
0.96
0.97
0.97
0.93
0.96
0.98
0.98
0.96
0.99
1.01
1.00
1.01
1.00
0.99
0.97
0.96
0.95
1.03
1.01
0.98
0.99
1.01
0.99
0.98
0.97
1.03
0.98
0.98
1.00
0.96
1.02
0.97
0.98
0.98
0.99
0.99
0.98
0.97
1.04
1.00
0.97
0.98
0.97
1.00
0.99
0.99
1.02
1.00
1.02
0.98
0.99
1.00
0.99
1.00
1.00
0.99
0.97
0.99
1.00
1.00
1.01
1.01
0.99
0.98
1.04
0.99
1.01
1.01
1.00
0.99
1.02
0.99
1.04
1.00
0.96
1.00
0.99
1.02
1.03
0.99
1.01
0.99
0.97
0.98
1.01
0.97
1.01
1.01
1.01
1.00
1.00
0.96
1.01
1.01
0.97
1.04
1.01
1.01
1.00
0.97
1.00
0.96
1.01
0.96
0.99
1.02
1.00
1.02
0.97
1.03
1.03
0.99
1.00
1.00
0.99
0.99
1.03
1.01
0.97
1.00
0.96
0.99
1.00
0.99
1.01
1.02
1.02
0.96
1.00
0.99
0.97
1.03
1.03
1.02
1.00
1.01
0.96
1.01
0.99
1.00
1.03
0.96
0.99
1.02
1.01
0.97
0.99
1.02
1.03
0.99
1.01
1.06
1.01
1.04
1.02
1.02
1.00
0.99
0.96
0.96
1.00
0.98
1.02
1.02
1.01
1.05
1.01
0.98
0.99
1.03
1.01
0.99
1.02
1.00
1.04
1.01
0.99
0.99
1.01
1.00
0.98
1.05
1.03
1.00
1.01
0.99
0.99
1.00
1.03
1.00
1.01
1.00
1.02
1.02
1.00
1.02
0.98
1.00
0.99
1.02
1.02
1.05
1.00
1.02
0.96
0.98
1.01
1.01
0.99
1.01
1.02
0.99
1.03
0.99
0.98
1.00
1.01
1.00
0.98
1.00
0.98
0.99
1.00
0.99
1.00
1.01
0.99
0.98
1.01
1.01
1.03
1.02
1.02
1.05
1.01
1.01
1.00
1.02
1.00
0.99
0.99
1.00
0.99
1.03
1.02
1.01
1.03
1.02
0.96
1.03
1.02
0.97
1.00
1.01
1.00
0.98
1.01
0.99
1.03
1.03
0.99
1.00
1.04
1.00
0.99
0.97
1.00
1.01
1.00
0.99
1.00
1.01
1.00
0.97
1.05
1.02
1.01
1.01
1.01
1.03
1.03
1.01
1.04
1.00
1.01
1.03
1.04
1.03
0.99
1.01
1.01
0.99
1.02
1.04
0.97
1.00
0.99
0.99
1.00
1.01
0.99
0.99
0.99
1.02
1.03
0.98
0.99
1.01
0.95
1.01
1.04
1.02
1.03
1.00
1.04
1.01
1.03
1.00
0.98
1.00
1.01
1.01
0.99
1.00
1.00
1.04
1.03
1.00
1.00
0.97
1.02
1.03
1.05
1.00
0.97
1.00
1.02
0.94
1.05
0.99
0.99
0.96
1.05
0.98
1.02
1.01
1.00
1.00
1.06
1.04
1.02
0.98
0.98
1.02
1.01
1.00
1.01
1.05
1.04
0.98
1.00
1.01
0.98
1.04
1.04
1.00
1.00
1.03
0.99
0.94
1.04
1.00
1.04
1.04
1.01
0.98
1.01
1.01
0.97
0.97
1.02
1.04
0.97
1.01
1.03
1.04
1.00
1.01
1.01
1.04
1.02
0.99
1.02
1.04
1.04
0.98
0.99
0.98
1.01
1.02
1.00
1.02
0.98
1.04
1.02
1.02
1.01
1.02
0.98
1.02
1.01
1.04
1.00
0.98
0.99
1.03
1.06
0.99
0.97
1.01
1.05
0.98
1.01
1.02
1.01
0.99
1.03
1.00
1.00
1.00
1.07
1.00
0.99
0.97
1.01
1.05
1.00
1.02
1.01
1.03
0.98
1.03
0.98
1.00
0.99
1.01
1.02
1.00
1.00
1.00
1.00
1.01
1.02
1.03
0.99
1.01
1.03
1.04
1.00
1.02
1.02
1.00
1.05
1.01
1.02
1.00
1.04
1.02
1.00
1.03
1.03
1.02
1.04
1.00
1.02
1.02
1.05
0.99
1.03
0.97
1.00
1.03
1.01
1.00
1.00
1.02
0.98
1.03
1.01
1.03
0.98
1.03
1.02
1.02
1.01
0.97
1.02
1.01
1.00
1.02
1.04
1.03
1.04
1.00
1.02
1.00
1.04
1.04
0.98
0.99
1.02
1.00
1.04
1.01
1.01
0.98
0.99
0.98
0.95
0.99
1.03
1.01
1.08
0.99
0.98
1.02
1.03
1.05
1.00
1.04
1.00
1.02
1.00
0.99
1.04
1.01
1.02
0.99
1.00
0.98
1.00
1.00
0.98
1.02
0.96
1.03
1.05
1.01
1.02
1.01
1.03
1.00
1.04
0.99
1.02
1.00
1.00
1.00
1.01
0.98
1.03
1.01
1.02
1.00
0.99
0.97
1.02
0.99
1.01
0.99
0.99
1.00
1.05
1.02
1.03
1.05
1.03
0.95
1.02
1.04
1.02
1.04
1.05
0.99
1.02
0.99
1.02
1.02
1.00
1.01
1.00
1.03
1.01
1.02
1.01
1.01
1.01
1.04
1.04
1.00
1.01
0.99
1.04
1.00
1.00
1.00
1.00
1.05
0.99
1.03
1.02
1.01
1.00
0.96
0.98
1.03
1.04
0.99
0.99
1.03
0.99
0.98
1.03
1.01
1.03
1.03
1.01
1.00
0.97
1.00
1.01
1.00
0.98
1.02
1.03
0.99
1.02
0.99
1.01
0.97
1.01
1.03
1.02
1.00
1.01
1.02
1.04
1.02
0.99
1.02
0.98
0.99
1.00
0.98
1.05
0.97
1.02
0.98
1.01
0.98
1.02
1.05
1.04
1.01
0.99
1.00
1.00
0.99
0.99
1.03
1.02
1.00
0.99
0.96
1.00
1.01
1.03
1.01
0.98
0.98
0.99
1.04
1.06
0.99
1.07
0.98
1.00
1.01
0.99
1.01
1.04
1.04
1.02
1.00
1.02
0.97
1.01
1.01
1.00
1.02
0.97
0.97
1.00
1.00
0.98
0.98
1.00
1.05
1.00
1.05
0.99
1.00
1.00
1.05
1.03
1.01
1.01
1.01
1.01
1.00
1.00
1.02
1.01
1.00
1.01
0.97
1.01
0.99
1.01
0.98
1.01
0.99
1.06
1.03
1.00
0.99
1.05
1.02
0.98
1.02
1.03
1.03
1.01
1.01
0.98
1.00
1.01
1.00
1.03
1.07
1.01
1.02
1.03
1.02
1.00
1.04
1.02
1.02
0.98
1.04
0.99
1.00
0.98
1.02
1.00
1.00
1.00
0.99
1.03
0.99
0.99
1.00
1.04
1.04
1.04
1.02
0.99
1.02
0.97
0.99
0.98
1.03
1.01
0.98
0.97
1.04
0.98
0.99
1.02
1.00
0.98
1.03
1.01
0.99
1.03
1.01
0.98
0.98
1.02
1.03
1.02
0.99
1.00
0.99
1.07
1.02
1.03
0.99
1.01
1.05
1.01
1.03
1.02
1.03
1.00
0.99
0.96
0.98
1.01
1.05
1.04
1.00
0.95
1.02
1.03
1.02
1.01
0.99
1.02
1.00
1.02
1.06
1.01
0.98
1.00
1.00
1.00
1.02
1.03
1.02
1.04
1.00
1.02
1.02
0.99
1.08
1.02
0.99
1.05
1.01
1.03
1.03
0.99
0.96
1.01
0.97
1.01
1.00
0.99
0.98
1.04
1.00
1.03
0.98
0.99
1.03
1.00
0.99
1.00
1.00
1.04
1.00
1.01
1.04
1.02
0.99
1.05
1.00
1.00
1.03
0.97
0.99
1.00
1.00
1.00
0.98
1.00
0.98
0.96
0.98
1.01
1.01
1.02
0.98
0.96
1.01
1.02
1.00
0.98
0.99
0.99
1.02
1.02
1.02
1.02
1.02
0.99
1.03
0.97
0.99
0.98
1.03
1.02
1.01
1.02
1.02
1.01
1.01
1.01
1.02
1.01
0.96
1.02
1.03
0.98
0.97
1.02
1.04
0.98
1.03
0.99
1.02
0.99
1.01
1.01
1.02
1.01
1.02
1.01
1.02
1.04
0.97
0.99
1.01
1.00
0.98
1.00
1.01
0.98
0.98
1.03
1.04
1.02
1.00
1.02
0.96
0.98
1.02
